25 25
NewGalaxy 0
1 00001U 00000ABC 00001.00000000  .00000000  00000-0  00000+0 0    04
2 00001  53.0000   0.0000 0001000   0.0000   0.0000 15.50000000    03
NewGalaxy 1
1 00002U 00000ABC 00001.00000000  .00000000  00000-0  00000+0 0    05
2 00002  53.0000   0.0000 0001000   0.0000  14.4000 15.50000000    03
NewGalaxy 2
1 00003U 00000ABC 00001.00000000  .00000000  00000-0  00000+0 0    06
2 00003  53.0000   0.0000 0001000   0.0000  28.8000 15.50000000    03
NewGalaxy 3
1 00004U 00000ABC 00001.00000000  .00000000  00000-0  00000+0 0    07
2 00004  53.0000   0.0000 0001000   0.0000  43.2000 15.50000000    05
NewGalaxy 4
1 00005U 00000ABC 00001.00000000  .00000000  00000-0  00000+0 0    08
2 00005  53.0000   0.0000 0001000   0.0000  57.6000 15.50000000    05
NewGalaxy 5
1 00006U 00000ABC 00001.00000000  .00000000  00000-0  00000+0 0    09
2 00006  53.0000   0.0000 0001000   0.0000  72.0000 15.50000000    07
NewGalaxy 6
1 00007U 00000ABC 00001.00000000  .00000000  00000-0  00000+0 0    00
2 00007  53.0000   0.0000 0001000   0.0000  86.4000 15.50000000    07
NewGalaxy 7
1 00008U 00000ABC 00001.00000000  .00000000  00000-0  00000+0 0    01
2 00008  53.0000   0.0000 0001000   0.0000 100.8000 15.50000000    09
NewGalaxy 8
1 00009U 00000ABC 00001.00000000  .00000000  00000-0  00000+0 0    02
2 00009  53.0000   0.0000 0001000   0.0000 115.2000 15.50000000    00
NewGalaxy 9
1 00010U 00000ABC 00001.00000000  .00000000  00000-0  00000+0 0    04
2 00010  53.0000   0.0000 0001000   0.0000 129.6000 15.50000000    01
NewGalaxy 10
1 00011U 00000ABC 00001.00000000  .00000000  00000-0  00000+0 0    05
2 00011  53.0000   0.0000 0001000   0.0000 144.0000 15.50000000    03
NewGalaxy 11
1 00012U 00000ABC 00001.00000000  .00000000  00000-0  00000+0 0    06
2 00012  53.0000   0.0000 0001000   0.0000 158.4000 15.50000000    03
NewGalaxy 12
1 00013U 00000ABC 00001.00000000  .00000000  00000-0  00000+0 0    07
2 00013  53.0000   0.0000 0001000   0.0000 172.8000 15.50000000    04
NewGalaxy 13
1 00014U 00000ABC 00001.00000000  .00000000  00000-0  00000+0 0    08
2 00014  53.0000   0.0000 0001000   0.0000 187.2000 15.50000000    05
NewGalaxy 14
1 00015U 00000ABC 00001.00000000  .00000000  00000-0  00000+0 0    09
2 00015  53.0000   0.0000 0001000   0.0000 201.6000 15.50000000    07
NewGalaxy 15
1 00016U 00000ABC 00001.00000000  .00000000  00000-0  00000+0 0    00
2 00016  53.0000   0.0000 0001000   0.0000 216.0000 15.50000000    08
NewGalaxy 16
1 00017U 00000ABC 00001.00000000  .00000000  00000-0  00000+0 0    01
2 00017  53.0000   0.0000 0001000   0.0000 230.4000 15.50000000    09
NewGalaxy 17
1 00018U 00000ABC 00001.00000000  .00000000  00000-0  00000+0 0    02
2 00018  53.0000   0.0000 0001000   0.0000 244.8000 15.50000000    09
NewGalaxy 18
1 00019U 00000ABC 00001.00000000  .00000000  00000-0  00000+0 0    03
2 00019  53.0000   0.0000 0001000   0.0000 259.2000 15.50000000    00
NewGalaxy 19
1 00020U 00000ABC 00001.00000000  .00000000  00000-0  00000+0 0    05
2 00020  53.0000   0.0000 0001000   0.0000 273.6000 15.50000000    02
NewGalaxy 20
1 00021U 00000ABC 00001.00000000  .00000000  00000-0  00000+0 0    06
2 00021  53.0000   0.0000 0001000   0.0000 288.0000 15.50000000    03
NewGalaxy 21
1 00022U 00000ABC 00001.00000000  .00000000  00000-0  00000+0 0    07
2 00022  53.0000   0.0000 0001000   0.0000 302.4000 15.50000000    05
NewGalaxy 22
1 00023U 00000ABC 00001.00000000  .00000000  00000-0  00000+0 0    08
2 00023  53.0000   0.0000 0001000   0.0000 316.8000 15.50000000    05
NewGalaxy 23
1 00024U 00000ABC 00001.00000000  .00000000  00000-0  00000+0 0    09
2 00024  53.0000   0.0000 0001000   0.0000 331.2000 15.50000000    07
NewGalaxy 24
1 00025U 00000ABC 00001.00000000  .00000000  00000-0  00000+0 0    00
2 00025  53.0000   0.0000 0001000   0.0000 345.6000 15.50000000    07
NewGalaxy 25
1 00026U 00000ABC 00001.00000000  .00000000  00000-0  00000+0 0    01
2 00026  53.0000  14.4000 0001000   0.0000   7.2000 15.50000000    08
NewGalaxy 26
1 00027U 00000ABC 00001.00000000  .00000000  00000-0  00000+0 0    02
2 00027  53.0000  14.4000 0001000   0.0000  21.6000 15.50000000    09
NewGalaxy 27
1 00028U 00000ABC 00001.00000000  .00000000  00000-0  00000+0 0    03
2 00028  53.0000  14.4000 0001000   0.0000  36.0000 15.50000000    00
NewGalaxy 28
1 00029U 00000ABC 00001.00000000  .00000000  00000-0  00000+0 0    04
2 00029  53.0000  14.4000 0001000   0.0000  50.4000 15.50000000    01
NewGalaxy 29
1 00030U 00000ABC 00001.00000000  .00000000  00000-0  00000+0 0    06
2 00030  53.0000  14.4000 0001000   0.0000  64.8000 15.50000000    02
NewGalaxy 30
1 00031U 00000ABC 00001.00000000  .00000000  00000-0  00000+0 0    07
2 00031  53.0000  14.4000 0001000   0.0000  79.2000 15.50000000    03
NewGalaxy 31
1 00032U 00000ABC 00001.00000000  .00000000  00000-0  00000+0 0    08
2 00032  53.0000  14.4000 0001000   0.0000  93.6000 15.50000000    04
NewGalaxy 32
1 00033U 00000ABC 00001.00000000  .00000000  00000-0  00000+0 0    09
2 00033  53.0000  14.4000 0001000   0.0000 108.0000 15.50000000    06
NewGalaxy 33
1 00034U 00000ABC 00001.00000000  .00000000  00000-0  00000+0 0    00
2 00034  53.0000  14.4000 0001000   0.0000 122.4000 15.50000000    07
NewGalaxy 34
1 00035U 00000ABC 00001.00000000  .00000000  00000-0  00000+0 0    01
2 00035  53.0000  14.4000 0001000   0.0000 136.8000 15.50000000    07
NewGalaxy 35
1 00036U 00000ABC 00001.00000000  .00000000  00000-0  00000+0 0    02
2 00036  53.0000  14.4000 0001000   0.0000 151.2000 15.50000000    09
NewGalaxy 36
1 00037U 00000ABC 00001.00000000  .00000000  00000-0  00000+0 0    03
2 00037  53.0000  14.4000 0001000   0.0000 165.6000 15.50000000    09
NewGalaxy 37
1 00038U 00000ABC 00001.00000000  .00000000  00000-0  00000+0 0    04
2 00038  53.0000  14.4000 0001000   0.0000 180.0000 15.50000000    01
NewGalaxy 38
1 00039U 00000ABC 00001.00000000  .00000000  00000-0  00000+0 0    05
2 00039  53.0000  14.4000 0001000   0.0000 194.4000 15.50000000    01
NewGalaxy 39
1 00040U 00000ABC 00001.00000000  .00000000  00000-0  00000+0 0    07
2 00040  53.0000  14.4000 0001000   0.0000 208.8000 15.50000000    03
NewGalaxy 40
1 00041U 00000ABC 00001.00000000  .00000000  00000-0  00000+0 0    08
2 00041  53.0000  14.4000 0001000   0.0000 223.2000 15.50000000    05
NewGalaxy 41
1 00042U 00000ABC 00001.00000000  .00000000  00000-0  00000+0 0    09
2 00042  53.0000  14.4000 0001000   0.0000 237.6000 15.50000000    05
NewGalaxy 42
1 00043U 00000ABC 00001.00000000  .00000000  00000-0  00000+0 0    00
2 00043  53.0000  14.4000 0001000   0.0000 252.0000 15.50000000    07
NewGalaxy 43
1 00044U 00000ABC 00001.00000000  .00000000  00000-0  00000+0 0    01
2 00044  53.0000  14.4000 0001000   0.0000 266.4000 15.50000000    07
NewGalaxy 44
1 00045U 00000ABC 00001.00000000  .00000000  00000-0  00000+0 0    02
2 00045  53.0000  14.4000 0001000   0.0000 280.8000 15.50000000    08
NewGalaxy 45
1 00046U 00000ABC 00001.00000000  .00000000  00000-0  00000+0 0    03
2 00046  53.0000  14.4000 0001000   0.0000 295.2000 15.50000000    09
NewGalaxy 46
1 00047U 00000ABC 00001.00000000  .00000000  00000-0  00000+0 0    04
2 00047  53.0000  14.4000 0001000   0.0000 309.6000 15.50000000    00
NewGalaxy 47
1 00048U 00000ABC 00001.00000000  .00000000  00000-0  00000+0 0    05
2 00048  53.0000  14.4000 0001000   0.0000 324.0000 15.50000000    02
NewGalaxy 48
1 00049U 00000ABC 00001.00000000  .00000000  00000-0  00000+0 0    06
2 00049  53.0000  14.4000 0001000   0.0000 338.4000 15.50000000    02
NewGalaxy 49
1 00050U 00000ABC 00001.00000000  .00000000  00000-0  00000+0 0    08
2 00050  53.0000  14.4000 0001000   0.0000 352.8000 15.50000000    04
NewGalaxy 50
1 00051U 00000ABC 00001.00000000  .00000000  00000-0  00000+0 0    09
2 00051  53.0000  28.8000 0001000   0.0000   0.0000 15.50000000    06
NewGalaxy 51
1 00052U 00000ABC 00001.00000000  .00000000  00000-0  00000+0 0    00
2 00052  53.0000  28.8000 0001000   0.0000  14.4000 15.50000000    06
NewGalaxy 52
1 00053U 00000ABC 00001.00000000  .00000000  00000-0  00000+0 0    01
2 00053  53.0000  28.8000 0001000   0.0000  28.8000 15.50000000    06
NewGalaxy 53
1 00054U 00000ABC 00001.00000000  .00000000  00000-0  00000+0 0    02
2 00054  53.0000  28.8000 0001000   0.0000  43.2000 15.50000000    08
NewGalaxy 54
1 00055U 00000ABC 00001.00000000  .00000000  00000-0  00000+0 0    03
2 00055  53.0000  28.8000 0001000   0.0000  57.6000 15.50000000    08
NewGalaxy 55
1 00056U 00000ABC 00001.00000000  .00000000  00000-0  00000+0 0    04
2 00056  53.0000  28.8000 0001000   0.0000  72.0000 15.50000000    00
NewGalaxy 56
1 00057U 00000ABC 00001.00000000  .00000000  00000-0  00000+0 0    05
2 00057  53.0000  28.8000 0001000   0.0000  86.4000 15.50000000    00
NewGalaxy 57
1 00058U 00000ABC 00001.00000000  .00000000  00000-0  00000+0 0    06
2 00058  53.0000  28.8000 0001000   0.0000 100.8000 15.50000000    02
NewGalaxy 58
1 00059U 00000ABC 00001.00000000  .00000000  00000-0  00000+0 0    07
2 00059  53.0000  28.8000 0001000   0.0000 115.2000 15.50000000    03
NewGalaxy 59
1 00060U 00000ABC 00001.00000000  .00000000  00000-0  00000+0 0    09
2 00060  53.0000  28.8000 0001000   0.0000 129.6000 15.50000000    04
NewGalaxy 60
1 00061U 00000ABC 00001.00000000  .00000000  00000-0  00000+0 0    00
2 00061  53.0000  28.8000 0001000   0.0000 144.0000 15.50000000    06
NewGalaxy 61
1 00062U 00000ABC 00001.00000000  .00000000  00000-0  00000+0 0    01
2 00062  53.0000  28.8000 0001000   0.0000 158.4000 15.50000000    06
NewGalaxy 62
1 00063U 00000ABC 00001.00000000  .00000000  00000-0  00000+0 0    02
2 00063  53.0000  28.8000 0001000   0.0000 172.8000 15.50000000    07
NewGalaxy 63
1 00064U 00000ABC 00001.00000000  .00000000  00000-0  00000+0 0    03
2 00064  53.0000  28.8000 0001000   0.0000 187.2000 15.50000000    08
NewGalaxy 64
1 00065U 00000ABC 00001.00000000  .00000000  00000-0  00000+0 0    04
2 00065  53.0000  28.8000 0001000   0.0000 201.6000 15.50000000    00
NewGalaxy 65
1 00066U 00000ABC 00001.00000000  .00000000  00000-0  00000+0 0    05
2 00066  53.0000  28.8000 0001000   0.0000 216.0000 15.50000000    01
NewGalaxy 66
1 00067U 00000ABC 00001.00000000  .00000000  00000-0  00000+0 0    06
2 00067  53.0000  28.8000 0001000   0.0000 230.4000 15.50000000    02
NewGalaxy 67
1 00068U 00000ABC 00001.00000000  .00000000  00000-0  00000+0 0    07
2 00068  53.0000  28.8000 0001000   0.0000 244.8000 15.50000000    02
NewGalaxy 68
1 00069U 00000ABC 00001.00000000  .00000000  00000-0  00000+0 0    08
2 00069  53.0000  28.8000 0001000   0.0000 259.2000 15.50000000    03
NewGalaxy 69
1 00070U 00000ABC 00001.00000000  .00000000  00000-0  00000+0 0    00
2 00070  53.0000  28.8000 0001000   0.0000 273.6000 15.50000000    05
NewGalaxy 70
1 00071U 00000ABC 00001.00000000  .00000000  00000-0  00000+0 0    01
2 00071  53.0000  28.8000 0001000   0.0000 288.0000 15.50000000    06
NewGalaxy 71
1 00072U 00000ABC 00001.00000000  .00000000  00000-0  00000+0 0    02
2 00072  53.0000  28.8000 0001000   0.0000 302.4000 15.50000000    08
NewGalaxy 72
1 00073U 00000ABC 00001.00000000  .00000000  00000-0  00000+0 0    03
2 00073  53.0000  28.8000 0001000   0.0000 316.8000 15.50000000    08
NewGalaxy 73
1 00074U 00000ABC 00001.00000000  .00000000  00000-0  00000+0 0    04
2 00074  53.0000  28.8000 0001000   0.0000 331.2000 15.50000000    00
NewGalaxy 74
1 00075U 00000ABC 00001.00000000  .00000000  00000-0  00000+0 0    05
2 00075  53.0000  28.8000 0001000   0.0000 345.6000 15.50000000    00
NewGalaxy 75
1 00076U 00000ABC 00001.00000000  .00000000  00000-0  00000+0 0    06
2 00076  53.0000  43.2000 0001000   0.0000   7.2000 15.50000000    03
NewGalaxy 76
1 00077U 00000ABC 00001.00000000  .00000000  00000-0  00000+0 0    07
2 00077  53.0000  43.2000 0001000   0.0000  21.6000 15.50000000    04
NewGalaxy 77
1 00078U 00000ABC 00001.00000000  .00000000  00000-0  00000+0 0    08
2 00078  53.0000  43.2000 0001000   0.0000  36.0000 15.50000000    05
NewGalaxy 78
1 00079U 00000ABC 00001.00000000  .00000000  00000-0  00000+0 0    09
2 00079  53.0000  43.2000 0001000   0.0000  50.4000 15.50000000    06
NewGalaxy 79
1 00080U 00000ABC 00001.00000000  .00000000  00000-0  00000+0 0    01
2 00080  53.0000  43.2000 0001000   0.0000  64.8000 15.50000000    07
NewGalaxy 80
1 00081U 00000ABC 00001.00000000  .00000000  00000-0  00000+0 0    02
2 00081  53.0000  43.2000 0001000   0.0000  79.2000 15.50000000    08
NewGalaxy 81
1 00082U 00000ABC 00001.00000000  .00000000  00000-0  00000+0 0    03
2 00082  53.0000  43.2000 0001000   0.0000  93.6000 15.50000000    09
NewGalaxy 82
1 00083U 00000ABC 00001.00000000  .00000000  00000-0  00000+0 0    04
2 00083  53.0000  43.2000 0001000   0.0000 108.0000 15.50000000    01
NewGalaxy 83
1 00084U 00000ABC 00001.00000000  .00000000  00000-0  00000+0 0    05
2 00084  53.0000  43.2000 0001000   0.0000 122.4000 15.50000000    02
NewGalaxy 84
1 00085U 00000ABC 00001.00000000  .00000000  00000-0  00000+0 0    06
2 00085  53.0000  43.2000 0001000   0.0000 136.8000 15.50000000    02
NewGalaxy 85
1 00086U 00000ABC 00001.00000000  .00000000  00000-0  00000+0 0    07
2 00086  53.0000  43.2000 0001000   0.0000 151.2000 15.50000000    04
NewGalaxy 86
1 00087U 00000ABC 00001.00000000  .00000000  00000-0  00000+0 0    08
2 00087  53.0000  43.2000 0001000   0.0000 165.6000 15.50000000    04
NewGalaxy 87
1 00088U 00000ABC 00001.00000000  .00000000  00000-0  00000+0 0    09
2 00088  53.0000  43.2000 0001000   0.0000 180.0000 15.50000000    06
NewGalaxy 88
1 00089U 00000ABC 00001.00000000  .00000000  00000-0  00000+0 0    00
2 00089  53.0000  43.2000 0001000   0.0000 194.4000 15.50000000    06
NewGalaxy 89
1 00090U 00000ABC 00001.00000000  .00000000  00000-0  00000+0 0    02
2 00090  53.0000  43.2000 0001000   0.0000 208.8000 15.50000000    08
NewGalaxy 90
1 00091U 00000ABC 00001.00000000  .00000000  00000-0  00000+0 0    03
2 00091  53.0000  43.2000 0001000   0.0000 223.2000 15.50000000    00
NewGalaxy 91
1 00092U 00000ABC 00001.00000000  .00000000  00000-0  00000+0 0    04
2 00092  53.0000  43.2000 0001000   0.0000 237.6000 15.50000000    00
NewGalaxy 92
1 00093U 00000ABC 00001.00000000  .00000000  00000-0  00000+0 0    05
2 00093  53.0000  43.2000 0001000   0.0000 252.0000 15.50000000    02
NewGalaxy 93
1 00094U 00000ABC 00001.00000000  .00000000  00000-0  00000+0 0    06
2 00094  53.0000  43.2000 0001000   0.0000 266.4000 15.50000000    02
NewGalaxy 94
1 00095U 00000ABC 00001.00000000  .00000000  00000-0  00000+0 0    07
2 00095  53.0000  43.2000 0001000   0.0000 280.8000 15.50000000    03
NewGalaxy 95
1 00096U 00000ABC 00001.00000000  .00000000  00000-0  00000+0 0    08
2 00096  53.0000  43.2000 0001000   0.0000 295.2000 15.50000000    04
NewGalaxy 96
1 00097U 00000ABC 00001.00000000  .00000000  00000-0  00000+0 0    09
2 00097  53.0000  43.2000 0001000   0.0000 309.6000 15.50000000    05
NewGalaxy 97
1 00098U 00000ABC 00001.00000000  .00000000  00000-0  00000+0 0    00
2 00098  53.0000  43.2000 0001000   0.0000 324.0000 15.50000000    07
NewGalaxy 98
1 00099U 00000ABC 00001.00000000  .00000000  00000-0  00000+0 0    01
2 00099  53.0000  43.2000 0001000   0.0000 338.4000 15.50000000    07
NewGalaxy 99
1 00100U 00000ABC 00001.00000000  .00000000  00000-0  00000+0 0    04
2 00100  53.0000  43.2000 0001000   0.0000 352.8000 15.50000000    00
NewGalaxy 100
1 00101U 00000ABC 00001.00000000  .00000000  00000-0  00000+0 0    05
2 00101  53.0000  57.6000 0001000   0.0000   0.0000 15.50000000    02
NewGalaxy 101
1 00102U 00000ABC 00001.00000000  .00000000  00000-0  00000+0 0    06
2 00102  53.0000  57.6000 0001000   0.0000  14.4000 15.50000000    02
NewGalaxy 102
1 00103U 00000ABC 00001.00000000  .00000000  00000-0  00000+0 0    07
2 00103  53.0000  57.6000 0001000   0.0000  28.8000 15.50000000    02
NewGalaxy 103
1 00104U 00000ABC 00001.00000000  .00000000  00000-0  00000+0 0    08
2 00104  53.0000  57.6000 0001000   0.0000  43.2000 15.50000000    04
NewGalaxy 104
1 00105U 00000ABC 00001.00000000  .00000000  00000-0  00000+0 0    09
2 00105  53.0000  57.6000 0001000   0.0000  57.6000 15.50000000    04
NewGalaxy 105
1 00106U 00000ABC 00001.00000000  .00000000  00000-0  00000+0 0    00
2 00106  53.0000  57.6000 0001000   0.0000  72.0000 15.50000000    06
NewGalaxy 106
1 00107U 00000ABC 00001.00000000  .00000000  00000-0  00000+0 0    01
2 00107  53.0000  57.6000 0001000   0.0000  86.4000 15.50000000    06
NewGalaxy 107
1 00108U 00000ABC 00001.00000000  .00000000  00000-0  00000+0 0    02
2 00108  53.0000  57.6000 0001000   0.0000 100.8000 15.50000000    08
NewGalaxy 108
1 00109U 00000ABC 00001.00000000  .00000000  00000-0  00000+0 0    03
2 00109  53.0000  57.6000 0001000   0.0000 115.2000 15.50000000    09
NewGalaxy 109
1 00110U 00000ABC 00001.00000000  .00000000  00000-0  00000+0 0    05
2 00110  53.0000  57.6000 0001000   0.0000 129.6000 15.50000000    00
NewGalaxy 110
1 00111U 00000ABC 00001.00000000  .00000000  00000-0  00000+0 0    06
2 00111  53.0000  57.6000 0001000   0.0000 144.0000 15.50000000    02
NewGalaxy 111
1 00112U 00000ABC 00001.00000000  .00000000  00000-0  00000+0 0    07
2 00112  53.0000  57.6000 0001000   0.0000 158.4000 15.50000000    02
NewGalaxy 112
1 00113U 00000ABC 00001.00000000  .00000000  00000-0  00000+0 0    08
2 00113  53.0000  57.6000 0001000   0.0000 172.8000 15.50000000    03
NewGalaxy 113
1 00114U 00000ABC 00001.00000000  .00000000  00000-0  00000+0 0    09
2 00114  53.0000  57.6000 0001000   0.0000 187.2000 15.50000000    04
NewGalaxy 114
1 00115U 00000ABC 00001.00000000  .00000000  00000-0  00000+0 0    00
2 00115  53.0000  57.6000 0001000   0.0000 201.6000 15.50000000    06
NewGalaxy 115
1 00116U 00000ABC 00001.00000000  .00000000  00000-0  00000+0 0    01
2 00116  53.0000  57.6000 0001000   0.0000 216.0000 15.50000000    07
NewGalaxy 116
1 00117U 00000ABC 00001.00000000  .00000000  00000-0  00000+0 0    02
2 00117  53.0000  57.6000 0001000   0.0000 230.4000 15.50000000    08
NewGalaxy 117
1 00118U 00000ABC 00001.00000000  .00000000  00000-0  00000+0 0    03
2 00118  53.0000  57.6000 0001000   0.0000 244.8000 15.50000000    08
NewGalaxy 118
1 00119U 00000ABC 00001.00000000  .00000000  00000-0  00000+0 0    04
2 00119  53.0000  57.6000 0001000   0.0000 259.2000 15.50000000    09
NewGalaxy 119
1 00120U 00000ABC 00001.00000000  .00000000  00000-0  00000+0 0    06
2 00120  53.0000  57.6000 0001000   0.0000 273.6000 15.50000000    01
NewGalaxy 120
1 00121U 00000ABC 00001.00000000  .00000000  00000-0  00000+0 0    07
2 00121  53.0000  57.6000 0001000   0.0000 288.0000 15.50000000    02
NewGalaxy 121
1 00122U 00000ABC 00001.00000000  .00000000  00000-0  00000+0 0    08
2 00122  53.0000  57.6000 0001000   0.0000 302.4000 15.50000000    04
NewGalaxy 122
1 00123U 00000ABC 00001.00000000  .00000000  00000-0  00000+0 0    09
2 00123  53.0000  57.6000 0001000   0.0000 316.8000 15.50000000    04
NewGalaxy 123
1 00124U 00000ABC 00001.00000000  .00000000  00000-0  00000+0 0    00
2 00124  53.0000  57.6000 0001000   0.0000 331.2000 15.50000000    06
NewGalaxy 124
1 00125U 00000ABC 00001.00000000  .00000000  00000-0  00000+0 0    01
2 00125  53.0000  57.6000 0001000   0.0000 345.6000 15.50000000    06
NewGalaxy 125
1 00126U 00000ABC 00001.00000000  .00000000  00000-0  00000+0 0    02
2 00126  53.0000  72.0000 0001000   0.0000   7.2000 15.50000000    09
NewGalaxy 126
1 00127U 00000ABC 00001.00000000  .00000000  00000-0  00000+0 0    03
2 00127  53.0000  72.0000 0001000   0.0000  21.6000 15.50000000    00
NewGalaxy 127
1 00128U 00000ABC 00001.00000000  .00000000  00000-0  00000+0 0    04
2 00128  53.0000  72.0000 0001000   0.0000  36.0000 15.50000000    01
NewGalaxy 128
1 00129U 00000ABC 00001.00000000  .00000000  00000-0  00000+0 0    05
2 00129  53.0000  72.0000 0001000   0.0000  50.4000 15.50000000    02
NewGalaxy 129
1 00130U 00000ABC 00001.00000000  .00000000  00000-0  00000+0 0    07
2 00130  53.0000  72.0000 0001000   0.0000  64.8000 15.50000000    03
NewGalaxy 130
1 00131U 00000ABC 00001.00000000  .00000000  00000-0  00000+0 0    08
2 00131  53.0000  72.0000 0001000   0.0000  79.2000 15.50000000    04
NewGalaxy 131
1 00132U 00000ABC 00001.00000000  .00000000  00000-0  00000+0 0    09
2 00132  53.0000  72.0000 0001000   0.0000  93.6000 15.50000000    05
NewGalaxy 132
1 00133U 00000ABC 00001.00000000  .00000000  00000-0  00000+0 0    00
2 00133  53.0000  72.0000 0001000   0.0000 108.0000 15.50000000    07
NewGalaxy 133
1 00134U 00000ABC 00001.00000000  .00000000  00000-0  00000+0 0    01
2 00134  53.0000  72.0000 0001000   0.0000 122.4000 15.50000000    08
NewGalaxy 134
1 00135U 00000ABC 00001.00000000  .00000000  00000-0  00000+0 0    02
2 00135  53.0000  72.0000 0001000   0.0000 136.8000 15.50000000    08
NewGalaxy 135
1 00136U 00000ABC 00001.00000000  .00000000  00000-0  00000+0 0    03
2 00136  53.0000  72.0000 0001000   0.0000 151.2000 15.50000000    00
NewGalaxy 136
1 00137U 00000ABC 00001.00000000  .00000000  00000-0  00000+0 0    04
2 00137  53.0000  72.0000 0001000   0.0000 165.6000 15.50000000    00
NewGalaxy 137
1 00138U 00000ABC 00001.00000000  .00000000  00000-0  00000+0 0    05
2 00138  53.0000  72.0000 0001000   0.0000 180.0000 15.50000000    02
NewGalaxy 138
1 00139U 00000ABC 00001.00000000  .00000000  00000-0  00000+0 0    06
2 00139  53.0000  72.0000 0001000   0.0000 194.4000 15.50000000    02
NewGalaxy 139
1 00140U 00000ABC 00001.00000000  .00000000  00000-0  00000+0 0    08
2 00140  53.0000  72.0000 0001000   0.0000 208.8000 15.50000000    04
NewGalaxy 140
1 00141U 00000ABC 00001.00000000  .00000000  00000-0  00000+0 0    09
2 00141  53.0000  72.0000 0001000   0.0000 223.2000 15.50000000    06
NewGalaxy 141
1 00142U 00000ABC 00001.00000000  .00000000  00000-0  00000+0 0    00
2 00142  53.0000  72.0000 0001000   0.0000 237.6000 15.50000000    06
NewGalaxy 142
1 00143U 00000ABC 00001.00000000  .00000000  00000-0  00000+0 0    01
2 00143  53.0000  72.0000 0001000   0.0000 252.0000 15.50000000    08
NewGalaxy 143
1 00144U 00000ABC 00001.00000000  .00000000  00000-0  00000+0 0    02
2 00144  53.0000  72.0000 0001000   0.0000 266.4000 15.50000000    08
NewGalaxy 144
1 00145U 00000ABC 00001.00000000  .00000000  00000-0  00000+0 0    03
2 00145  53.0000  72.0000 0001000   0.0000 280.8000 15.50000000    09
NewGalaxy 145
1 00146U 00000ABC 00001.00000000  .00000000  00000-0  00000+0 0    04
2 00146  53.0000  72.0000 0001000   0.0000 295.2000 15.50000000    00
NewGalaxy 146
1 00147U 00000ABC 00001.00000000  .00000000  00000-0  00000+0 0    05
2 00147  53.0000  72.0000 0001000   0.0000 309.6000 15.50000000    01
NewGalaxy 147
1 00148U 00000ABC 00001.00000000  .00000000  00000-0  00000+0 0    06
2 00148  53.0000  72.0000 0001000   0.0000 324.0000 15.50000000    03
NewGalaxy 148
1 00149U 00000ABC 00001.00000000  .00000000  00000-0  00000+0 0    07
2 00149  53.0000  72.0000 0001000   0.0000 338.4000 15.50000000    03
NewGalaxy 149
1 00150U 00000ABC 00001.00000000  .00000000  00000-0  00000+0 0    09
2 00150  53.0000  72.0000 0001000   0.0000 352.8000 15.50000000    05
NewGalaxy 150
1 00151U 00000ABC 00001.00000000  .00000000  00000-0  00000+0 0    00
2 00151  53.0000  86.4000 0001000   0.0000   0.0000 15.50000000    07
NewGalaxy 151
1 00152U 00000ABC 00001.00000000  .00000000  00000-0  00000+0 0    01
2 00152  53.0000  86.4000 0001000   0.0000  14.4000 15.50000000    07
NewGalaxy 152
1 00153U 00000ABC 00001.00000000  .00000000  00000-0  00000+0 0    02
2 00153  53.0000  86.4000 0001000   0.0000  28.8000 15.50000000    07
NewGalaxy 153
1 00154U 00000ABC 00001.00000000  .00000000  00000-0  00000+0 0    03
2 00154  53.0000  86.4000 0001000   0.0000  43.2000 15.50000000    09
NewGalaxy 154
1 00155U 00000ABC 00001.00000000  .00000000  00000-0  00000+0 0    04
2 00155  53.0000  86.4000 0001000   0.0000  57.6000 15.50000000    09
NewGalaxy 155
1 00156U 00000ABC 00001.00000000  .00000000  00000-0  00000+0 0    05
2 00156  53.0000  86.4000 0001000   0.0000  72.0000 15.50000000    01
NewGalaxy 156
1 00157U 00000ABC 00001.00000000  .00000000  00000-0  00000+0 0    06
2 00157  53.0000  86.4000 0001000   0.0000  86.4000 15.50000000    01
NewGalaxy 157
1 00158U 00000ABC 00001.00000000  .00000000  00000-0  00000+0 0    07
2 00158  53.0000  86.4000 0001000   0.0000 100.8000 15.50000000    03
NewGalaxy 158
1 00159U 00000ABC 00001.00000000  .00000000  00000-0  00000+0 0    08
2 00159  53.0000  86.4000 0001000   0.0000 115.2000 15.50000000    04
NewGalaxy 159
1 00160U 00000ABC 00001.00000000  .00000000  00000-0  00000+0 0    00
2 00160  53.0000  86.4000 0001000   0.0000 129.6000 15.50000000    05
NewGalaxy 160
1 00161U 00000ABC 00001.00000000  .00000000  00000-0  00000+0 0    01
2 00161  53.0000  86.4000 0001000   0.0000 144.0000 15.50000000    07
NewGalaxy 161
1 00162U 00000ABC 00001.00000000  .00000000  00000-0  00000+0 0    02
2 00162  53.0000  86.4000 0001000   0.0000 158.4000 15.50000000    07
NewGalaxy 162
1 00163U 00000ABC 00001.00000000  .00000000  00000-0  00000+0 0    03
2 00163  53.0000  86.4000 0001000   0.0000 172.8000 15.50000000    08
NewGalaxy 163
1 00164U 00000ABC 00001.00000000  .00000000  00000-0  00000+0 0    04
2 00164  53.0000  86.4000 0001000   0.0000 187.2000 15.50000000    09
NewGalaxy 164
1 00165U 00000ABC 00001.00000000  .00000000  00000-0  00000+0 0    05
2 00165  53.0000  86.4000 0001000   0.0000 201.6000 15.50000000    01
NewGalaxy 165
1 00166U 00000ABC 00001.00000000  .00000000  00000-0  00000+0 0    06
2 00166  53.0000  86.4000 0001000   0.0000 216.0000 15.50000000    02
NewGalaxy 166
1 00167U 00000ABC 00001.00000000  .00000000  00000-0  00000+0 0    07
2 00167  53.0000  86.4000 0001000   0.0000 230.4000 15.50000000    03
NewGalaxy 167
1 00168U 00000ABC 00001.00000000  .00000000  00000-0  00000+0 0    08
2 00168  53.0000  86.4000 0001000   0.0000 244.8000 15.50000000    03
NewGalaxy 168
1 00169U 00000ABC 00001.00000000  .00000000  00000-0  00000+0 0    09
2 00169  53.0000  86.4000 0001000   0.0000 259.2000 15.50000000    04
NewGalaxy 169
1 00170U 00000ABC 00001.00000000  .00000000  00000-0  00000+0 0    01
2 00170  53.0000  86.4000 0001000   0.0000 273.6000 15.50000000    06
NewGalaxy 170
1 00171U 00000ABC 00001.00000000  .00000000  00000-0  00000+0 0    02
2 00171  53.0000  86.4000 0001000   0.0000 288.0000 15.50000000    07
NewGalaxy 171
1 00172U 00000ABC 00001.00000000  .00000000  00000-0  00000+0 0    03
2 00172  53.0000  86.4000 0001000   0.0000 302.4000 15.50000000    09
NewGalaxy 172
1 00173U 00000ABC 00001.00000000  .00000000  00000-0  00000+0 0    04
2 00173  53.0000  86.4000 0001000   0.0000 316.8000 15.50000000    09
NewGalaxy 173
1 00174U 00000ABC 00001.00000000  .00000000  00000-0  00000+0 0    05
2 00174  53.0000  86.4000 0001000   0.0000 331.2000 15.50000000    01
NewGalaxy 174
1 00175U 00000ABC 00001.00000000  .00000000  00000-0  00000+0 0    06
2 00175  53.0000  86.4000 0001000   0.0000 345.6000 15.50000000    01
NewGalaxy 175
1 00176U 00000ABC 00001.00000000  .00000000  00000-0  00000+0 0    07
2 00176  53.0000 100.8000 0001000   0.0000   7.2000 15.50000000    04
NewGalaxy 176
1 00177U 00000ABC 00001.00000000  .00000000  00000-0  00000+0 0    08
2 00177  53.0000 100.8000 0001000   0.0000  21.6000 15.50000000    05
NewGalaxy 177
1 00178U 00000ABC 00001.00000000  .00000000  00000-0  00000+0 0    09
2 00178  53.0000 100.8000 0001000   0.0000  36.0000 15.50000000    06
NewGalaxy 178
1 00179U 00000ABC 00001.00000000  .00000000  00000-0  00000+0 0    00
2 00179  53.0000 100.8000 0001000   0.0000  50.4000 15.50000000    07
NewGalaxy 179
1 00180U 00000ABC 00001.00000000  .00000000  00000-0  00000+0 0    02
2 00180  53.0000 100.8000 0001000   0.0000  64.8000 15.50000000    08
NewGalaxy 180
1 00181U 00000ABC 00001.00000000  .00000000  00000-0  00000+0 0    03
2 00181  53.0000 100.8000 0001000   0.0000  79.2000 15.50000000    09
NewGalaxy 181
1 00182U 00000ABC 00001.00000000  .00000000  00000-0  00000+0 0    04
2 00182  53.0000 100.8000 0001000   0.0000  93.6000 15.50000000    00
NewGalaxy 182
1 00183U 00000ABC 00001.00000000  .00000000  00000-0  00000+0 0    05
2 00183  53.0000 100.8000 0001000   0.0000 108.0000 15.50000000    02
NewGalaxy 183
1 00184U 00000ABC 00001.00000000  .00000000  00000-0  00000+0 0    06
2 00184  53.0000 100.8000 0001000   0.0000 122.4000 15.50000000    03
NewGalaxy 184
1 00185U 00000ABC 00001.00000000  .00000000  00000-0  00000+0 0    07
2 00185  53.0000 100.8000 0001000   0.0000 136.8000 15.50000000    03
NewGalaxy 185
1 00186U 00000ABC 00001.00000000  .00000000  00000-0  00000+0 0    08
2 00186  53.0000 100.8000 0001000   0.0000 151.2000 15.50000000    05
NewGalaxy 186
1 00187U 00000ABC 00001.00000000  .00000000  00000-0  00000+0 0    09
2 00187  53.0000 100.8000 0001000   0.0000 165.6000 15.50000000    05
NewGalaxy 187
1 00188U 00000ABC 00001.00000000  .00000000  00000-0  00000+0 0    00
2 00188  53.0000 100.8000 0001000   0.0000 180.0000 15.50000000    07
NewGalaxy 188
1 00189U 00000ABC 00001.00000000  .00000000  00000-0  00000+0 0    01
2 00189  53.0000 100.8000 0001000   0.0000 194.4000 15.50000000    07
NewGalaxy 189
1 00190U 00000ABC 00001.00000000  .00000000  00000-0  00000+0 0    03
2 00190  53.0000 100.8000 0001000   0.0000 208.8000 15.50000000    09
NewGalaxy 190
1 00191U 00000ABC 00001.00000000  .00000000  00000-0  00000+0 0    04
2 00191  53.0000 100.8000 0001000   0.0000 223.2000 15.50000000    01
NewGalaxy 191
1 00192U 00000ABC 00001.00000000  .00000000  00000-0  00000+0 0    05
2 00192  53.0000 100.8000 0001000   0.0000 237.6000 15.50000000    01
NewGalaxy 192
1 00193U 00000ABC 00001.00000000  .00000000  00000-0  00000+0 0    06
2 00193  53.0000 100.8000 0001000   0.0000 252.0000 15.50000000    03
NewGalaxy 193
1 00194U 00000ABC 00001.00000000  .00000000  00000-0  00000+0 0    07
2 00194  53.0000 100.8000 0001000   0.0000 266.4000 15.50000000    03
NewGalaxy 194
1 00195U 00000ABC 00001.00000000  .00000000  00000-0  00000+0 0    08
2 00195  53.0000 100.8000 0001000   0.0000 280.8000 15.50000000    04
NewGalaxy 195
1 00196U 00000ABC 00001.00000000  .00000000  00000-0  00000+0 0    09
2 00196  53.0000 100.8000 0001000   0.0000 295.2000 15.50000000    05
NewGalaxy 196
1 00197U 00000ABC 00001.00000000  .00000000  00000-0  00000+0 0    00
2 00197  53.0000 100.8000 0001000   0.0000 309.6000 15.50000000    06
NewGalaxy 197
1 00198U 00000ABC 00001.00000000  .00000000  00000-0  00000+0 0    01
2 00198  53.0000 100.8000 0001000   0.0000 324.0000 15.50000000    08
NewGalaxy 198
1 00199U 00000ABC 00001.00000000  .00000000  00000-0  00000+0 0    02
2 00199  53.0000 100.8000 0001000   0.0000 338.4000 15.50000000    08
NewGalaxy 199
1 00200U 00000ABC 00001.00000000  .00000000  00000-0  00000+0 0    05
2 00200  53.0000 100.8000 0001000   0.0000 352.8000 15.50000000    01
NewGalaxy 200
1 00201U 00000ABC 00001.00000000  .00000000  00000-0  00000+0 0    06
2 00201  53.0000 115.2000 0001000   0.0000   0.0000 15.50000000    04
NewGalaxy 201
1 00202U 00000ABC 00001.00000000  .00000000  00000-0  00000+0 0    07
2 00202  53.0000 115.2000 0001000   0.0000  14.4000 15.50000000    04
NewGalaxy 202
1 00203U 00000ABC 00001.00000000  .00000000  00000-0  00000+0 0    08
2 00203  53.0000 115.2000 0001000   0.0000  28.8000 15.50000000    04
NewGalaxy 203
1 00204U 00000ABC 00001.00000000  .00000000  00000-0  00000+0 0    09
2 00204  53.0000 115.2000 0001000   0.0000  43.2000 15.50000000    06
NewGalaxy 204
1 00205U 00000ABC 00001.00000000  .00000000  00000-0  00000+0 0    00
2 00205  53.0000 115.2000 0001000   0.0000  57.6000 15.50000000    06
NewGalaxy 205
1 00206U 00000ABC 00001.00000000  .00000000  00000-0  00000+0 0    01
2 00206  53.0000 115.2000 0001000   0.0000  72.0000 15.50000000    08
NewGalaxy 206
1 00207U 00000ABC 00001.00000000  .00000000  00000-0  00000+0 0    02
2 00207  53.0000 115.2000 0001000   0.0000  86.4000 15.50000000    08
NewGalaxy 207
1 00208U 00000ABC 00001.00000000  .00000000  00000-0  00000+0 0    03
2 00208  53.0000 115.2000 0001000   0.0000 100.8000 15.50000000    00
NewGalaxy 208
1 00209U 00000ABC 00001.00000000  .00000000  00000-0  00000+0 0    04
2 00209  53.0000 115.2000 0001000   0.0000 115.2000 15.50000000    01
NewGalaxy 209
1 00210U 00000ABC 00001.00000000  .00000000  00000-0  00000+0 0    06
2 00210  53.0000 115.2000 0001000   0.0000 129.6000 15.50000000    02
NewGalaxy 210
1 00211U 00000ABC 00001.00000000  .00000000  00000-0  00000+0 0    07
2 00211  53.0000 115.2000 0001000   0.0000 144.0000 15.50000000    04
NewGalaxy 211
1 00212U 00000ABC 00001.00000000  .00000000  00000-0  00000+0 0    08
2 00212  53.0000 115.2000 0001000   0.0000 158.4000 15.50000000    04
NewGalaxy 212
1 00213U 00000ABC 00001.00000000  .00000000  00000-0  00000+0 0    09
2 00213  53.0000 115.2000 0001000   0.0000 172.8000 15.50000000    05
NewGalaxy 213
1 00214U 00000ABC 00001.00000000  .00000000  00000-0  00000+0 0    00
2 00214  53.0000 115.2000 0001000   0.0000 187.2000 15.50000000    06
NewGalaxy 214
1 00215U 00000ABC 00001.00000000  .00000000  00000-0  00000+0 0    01
2 00215  53.0000 115.2000 0001000   0.0000 201.6000 15.50000000    08
NewGalaxy 215
1 00216U 00000ABC 00001.00000000  .00000000  00000-0  00000+0 0    02
2 00216  53.0000 115.2000 0001000   0.0000 216.0000 15.50000000    09
NewGalaxy 216
1 00217U 00000ABC 00001.00000000  .00000000  00000-0  00000+0 0    03
2 00217  53.0000 115.2000 0001000   0.0000 230.4000 15.50000000    00
NewGalaxy 217
1 00218U 00000ABC 00001.00000000  .00000000  00000-0  00000+0 0    04
2 00218  53.0000 115.2000 0001000   0.0000 244.8000 15.50000000    00
NewGalaxy 218
1 00219U 00000ABC 00001.00000000  .00000000  00000-0  00000+0 0    05
2 00219  53.0000 115.2000 0001000   0.0000 259.2000 15.50000000    01
NewGalaxy 219
1 00220U 00000ABC 00001.00000000  .00000000  00000-0  00000+0 0    07
2 00220  53.0000 115.2000 0001000   0.0000 273.6000 15.50000000    03
NewGalaxy 220
1 00221U 00000ABC 00001.00000000  .00000000  00000-0  00000+0 0    08
2 00221  53.0000 115.2000 0001000   0.0000 288.0000 15.50000000    04
NewGalaxy 221
1 00222U 00000ABC 00001.00000000  .00000000  00000-0  00000+0 0    09
2 00222  53.0000 115.2000 0001000   0.0000 302.4000 15.50000000    06
NewGalaxy 222
1 00223U 00000ABC 00001.00000000  .00000000  00000-0  00000+0 0    00
2 00223  53.0000 115.2000 0001000   0.0000 316.8000 15.50000000    06
NewGalaxy 223
1 00224U 00000ABC 00001.00000000  .00000000  00000-0  00000+0 0    01
2 00224  53.0000 115.2000 0001000   0.0000 331.2000 15.50000000    08
NewGalaxy 224
1 00225U 00000ABC 00001.00000000  .00000000  00000-0  00000+0 0    02
2 00225  53.0000 115.2000 0001000   0.0000 345.6000 15.50000000    08
NewGalaxy 225
1 00226U 00000ABC 00001.00000000  .00000000  00000-0  00000+0 0    03
2 00226  53.0000 129.6000 0001000   0.0000   7.2000 15.50000000    09
NewGalaxy 226
1 00227U 00000ABC 00001.00000000  .00000000  00000-0  00000+0 0    04
2 00227  53.0000 129.6000 0001000   0.0000  21.6000 15.50000000    00
NewGalaxy 227
1 00228U 00000ABC 00001.00000000  .00000000  00000-0  00000+0 0    05
2 00228  53.0000 129.6000 0001000   0.0000  36.0000 15.50000000    01
NewGalaxy 228
1 00229U 00000ABC 00001.00000000  .00000000  00000-0  00000+0 0    06
2 00229  53.0000 129.6000 0001000   0.0000  50.4000 15.50000000    02
NewGalaxy 229
1 00230U 00000ABC 00001.00000000  .00000000  00000-0  00000+0 0    08
2 00230  53.0000 129.6000 0001000   0.0000  64.8000 15.50000000    03
NewGalaxy 230
1 00231U 00000ABC 00001.00000000  .00000000  00000-0  00000+0 0    09
2 00231  53.0000 129.6000 0001000   0.0000  79.2000 15.50000000    04
NewGalaxy 231
1 00232U 00000ABC 00001.00000000  .00000000  00000-0  00000+0 0    00
2 00232  53.0000 129.6000 0001000   0.0000  93.6000 15.50000000    05
NewGalaxy 232
1 00233U 00000ABC 00001.00000000  .00000000  00000-0  00000+0 0    01
2 00233  53.0000 129.6000 0001000   0.0000 108.0000 15.50000000    07
NewGalaxy 233
1 00234U 00000ABC 00001.00000000  .00000000  00000-0  00000+0 0    02
2 00234  53.0000 129.6000 0001000   0.0000 122.4000 15.50000000    08
NewGalaxy 234
1 00235U 00000ABC 00001.00000000  .00000000  00000-0  00000+0 0    03
2 00235  53.0000 129.6000 0001000   0.0000 136.8000 15.50000000    08
NewGalaxy 235
1 00236U 00000ABC 00001.00000000  .00000000  00000-0  00000+0 0    04
2 00236  53.0000 129.6000 0001000   0.0000 151.2000 15.50000000    00
NewGalaxy 236
1 00237U 00000ABC 00001.00000000  .00000000  00000-0  00000+0 0    05
2 00237  53.0000 129.6000 0001000   0.0000 165.6000 15.50000000    00
NewGalaxy 237
1 00238U 00000ABC 00001.00000000  .00000000  00000-0  00000+0 0    06
2 00238  53.0000 129.6000 0001000   0.0000 180.0000 15.50000000    02
NewGalaxy 238
1 00239U 00000ABC 00001.00000000  .00000000  00000-0  00000+0 0    07
2 00239  53.0000 129.6000 0001000   0.0000 194.4000 15.50000000    02
NewGalaxy 239
1 00240U 00000ABC 00001.00000000  .00000000  00000-0  00000+0 0    09
2 00240  53.0000 129.6000 0001000   0.0000 208.8000 15.50000000    04
NewGalaxy 240
1 00241U 00000ABC 00001.00000000  .00000000  00000-0  00000+0 0    00
2 00241  53.0000 129.6000 0001000   0.0000 223.2000 15.50000000    06
NewGalaxy 241
1 00242U 00000ABC 00001.00000000  .00000000  00000-0  00000+0 0    01
2 00242  53.0000 129.6000 0001000   0.0000 237.6000 15.50000000    06
NewGalaxy 242
1 00243U 00000ABC 00001.00000000  .00000000  00000-0  00000+0 0    02
2 00243  53.0000 129.6000 0001000   0.0000 252.0000 15.50000000    08
NewGalaxy 243
1 00244U 00000ABC 00001.00000000  .00000000  00000-0  00000+0 0    03
2 00244  53.0000 129.6000 0001000   0.0000 266.4000 15.50000000    08
NewGalaxy 244
1 00245U 00000ABC 00001.00000000  .00000000  00000-0  00000+0 0    04
2 00245  53.0000 129.6000 0001000   0.0000 280.8000 15.50000000    09
NewGalaxy 245
1 00246U 00000ABC 00001.00000000  .00000000  00000-0  00000+0 0    05
2 00246  53.0000 129.6000 0001000   0.0000 295.2000 15.50000000    00
NewGalaxy 246
1 00247U 00000ABC 00001.00000000  .00000000  00000-0  00000+0 0    06
2 00247  53.0000 129.6000 0001000   0.0000 309.6000 15.50000000    01
NewGalaxy 247
1 00248U 00000ABC 00001.00000000  .00000000  00000-0  00000+0 0    07
2 00248  53.0000 129.6000 0001000   0.0000 324.0000 15.50000000    03
NewGalaxy 248
1 00249U 00000ABC 00001.00000000  .00000000  00000-0  00000+0 0    08
2 00249  53.0000 129.6000 0001000   0.0000 338.4000 15.50000000    03
NewGalaxy 249
1 00250U 00000ABC 00001.00000000  .00000000  00000-0  00000+0 0    00
2 00250  53.0000 129.6000 0001000   0.0000 352.8000 15.50000000    05
NewGalaxy 250
1 00251U 00000ABC 00001.00000000  .00000000  00000-0  00000+0 0    01
2 00251  53.0000 144.0000 0001000   0.0000   0.0000 15.50000000    09
NewGalaxy 251
1 00252U 00000ABC 00001.00000000  .00000000  00000-0  00000+0 0    02
2 00252  53.0000 144.0000 0001000   0.0000  14.4000 15.50000000    09
NewGalaxy 252
1 00253U 00000ABC 00001.00000000  .00000000  00000-0  00000+0 0    03
2 00253  53.0000 144.0000 0001000   0.0000  28.8000 15.50000000    09
NewGalaxy 253
1 00254U 00000ABC 00001.00000000  .00000000  00000-0  00000+0 0    04
2 00254  53.0000 144.0000 0001000   0.0000  43.2000 15.50000000    01
NewGalaxy 254
1 00255U 00000ABC 00001.00000000  .00000000  00000-0  00000+0 0    05
2 00255  53.0000 144.0000 0001000   0.0000  57.6000 15.50000000    01
NewGalaxy 255
1 00256U 00000ABC 00001.00000000  .00000000  00000-0  00000+0 0    06
2 00256  53.0000 144.0000 0001000   0.0000  72.0000 15.50000000    03
NewGalaxy 256
1 00257U 00000ABC 00001.00000000  .00000000  00000-0  00000+0 0    07
2 00257  53.0000 144.0000 0001000   0.0000  86.4000 15.50000000    03
NewGalaxy 257
1 00258U 00000ABC 00001.00000000  .00000000  00000-0  00000+0 0    08
2 00258  53.0000 144.0000 0001000   0.0000 100.8000 15.50000000    05
NewGalaxy 258
1 00259U 00000ABC 00001.00000000  .00000000  00000-0  00000+0 0    09
2 00259  53.0000 144.0000 0001000   0.0000 115.2000 15.50000000    06
NewGalaxy 259
1 00260U 00000ABC 00001.00000000  .00000000  00000-0  00000+0 0    01
2 00260  53.0000 144.0000 0001000   0.0000 129.6000 15.50000000    07
NewGalaxy 260
1 00261U 00000ABC 00001.00000000  .00000000  00000-0  00000+0 0    02
2 00261  53.0000 144.0000 0001000   0.0000 144.0000 15.50000000    09
NewGalaxy 261
1 00262U 00000ABC 00001.00000000  .00000000  00000-0  00000+0 0    03
2 00262  53.0000 144.0000 0001000   0.0000 158.4000 15.50000000    09
NewGalaxy 262
1 00263U 00000ABC 00001.00000000  .00000000  00000-0  00000+0 0    04
2 00263  53.0000 144.0000 0001000   0.0000 172.8000 15.50000000    00
NewGalaxy 263
1 00264U 00000ABC 00001.00000000  .00000000  00000-0  00000+0 0    05
2 00264  53.0000 144.0000 0001000   0.0000 187.2000 15.50000000    01
NewGalaxy 264
1 00265U 00000ABC 00001.00000000  .00000000  00000-0  00000+0 0    06
2 00265  53.0000 144.0000 0001000   0.0000 201.6000 15.50000000    03
NewGalaxy 265
1 00266U 00000ABC 00001.00000000  .00000000  00000-0  00000+0 0    07
2 00266  53.0000 144.0000 0001000   0.0000 216.0000 15.50000000    04
NewGalaxy 266
1 00267U 00000ABC 00001.00000000  .00000000  00000-0  00000+0 0    08
2 00267  53.0000 144.0000 0001000   0.0000 230.4000 15.50000000    05
NewGalaxy 267
1 00268U 00000ABC 00001.00000000  .00000000  00000-0  00000+0 0    09
2 00268  53.0000 144.0000 0001000   0.0000 244.8000 15.50000000    05
NewGalaxy 268
1 00269U 00000ABC 00001.00000000  .00000000  00000-0  00000+0 0    00
2 00269  53.0000 144.0000 0001000   0.0000 259.2000 15.50000000    06
NewGalaxy 269
1 00270U 00000ABC 00001.00000000  .00000000  00000-0  00000+0 0    02
2 00270  53.0000 144.0000 0001000   0.0000 273.6000 15.50000000    08
NewGalaxy 270
1 00271U 00000ABC 00001.00000000  .00000000  00000-0  00000+0 0    03
2 00271  53.0000 144.0000 0001000   0.0000 288.0000 15.50000000    09
NewGalaxy 271
1 00272U 00000ABC 00001.00000000  .00000000  00000-0  00000+0 0    04
2 00272  53.0000 144.0000 0001000   0.0000 302.4000 15.50000000    01
NewGalaxy 272
1 00273U 00000ABC 00001.00000000  .00000000  00000-0  00000+0 0    05
2 00273  53.0000 144.0000 0001000   0.0000 316.8000 15.50000000    01
NewGalaxy 273
1 00274U 00000ABC 00001.00000000  .00000000  00000-0  00000+0 0    06
2 00274  53.0000 144.0000 0001000   0.0000 331.2000 15.50000000    03
NewGalaxy 274
1 00275U 00000ABC 00001.00000000  .00000000  00000-0  00000+0 0    07
2 00275  53.0000 144.0000 0001000   0.0000 345.6000 15.50000000    03
NewGalaxy 275
1 00276U 00000ABC 00001.00000000  .00000000  00000-0  00000+0 0    08
2 00276  53.0000 158.4000 0001000   0.0000   7.2000 15.50000000    04
NewGalaxy 276
1 00277U 00000ABC 00001.00000000  .00000000  00000-0  00000+0 0    09
2 00277  53.0000 158.4000 0001000   0.0000  21.6000 15.50000000    05
NewGalaxy 277
1 00278U 00000ABC 00001.00000000  .00000000  00000-0  00000+0 0    00
2 00278  53.0000 158.4000 0001000   0.0000  36.0000 15.50000000    06
NewGalaxy 278
1 00279U 00000ABC 00001.00000000  .00000000  00000-0  00000+0 0    01
2 00279  53.0000 158.4000 0001000   0.0000  50.4000 15.50000000    07
NewGalaxy 279
1 00280U 00000ABC 00001.00000000  .00000000  00000-0  00000+0 0    03
2 00280  53.0000 158.4000 0001000   0.0000  64.8000 15.50000000    08
NewGalaxy 280
1 00281U 00000ABC 00001.00000000  .00000000  00000-0  00000+0 0    04
2 00281  53.0000 158.4000 0001000   0.0000  79.2000 15.50000000    09
NewGalaxy 281
1 00282U 00000ABC 00001.00000000  .00000000  00000-0  00000+0 0    05
2 00282  53.0000 158.4000 0001000   0.0000  93.6000 15.50000000    00
NewGalaxy 282
1 00283U 00000ABC 00001.00000000  .00000000  00000-0  00000+0 0    06
2 00283  53.0000 158.4000 0001000   0.0000 108.0000 15.50000000    02
NewGalaxy 283
1 00284U 00000ABC 00001.00000000  .00000000  00000-0  00000+0 0    07
2 00284  53.0000 158.4000 0001000   0.0000 122.4000 15.50000000    03
NewGalaxy 284
1 00285U 00000ABC 00001.00000000  .00000000  00000-0  00000+0 0    08
2 00285  53.0000 158.4000 0001000   0.0000 136.8000 15.50000000    03
NewGalaxy 285
1 00286U 00000ABC 00001.00000000  .00000000  00000-0  00000+0 0    09
2 00286  53.0000 158.4000 0001000   0.0000 151.2000 15.50000000    05
NewGalaxy 286
1 00287U 00000ABC 00001.00000000  .00000000  00000-0  00000+0 0    00
2 00287  53.0000 158.4000 0001000   0.0000 165.6000 15.50000000    05
NewGalaxy 287
1 00288U 00000ABC 00001.00000000  .00000000  00000-0  00000+0 0    01
2 00288  53.0000 158.4000 0001000   0.0000 180.0000 15.50000000    07
NewGalaxy 288
1 00289U 00000ABC 00001.00000000  .00000000  00000-0  00000+0 0    02
2 00289  53.0000 158.4000 0001000   0.0000 194.4000 15.50000000    07
NewGalaxy 289
1 00290U 00000ABC 00001.00000000  .00000000  00000-0  00000+0 0    04
2 00290  53.0000 158.4000 0001000   0.0000 208.8000 15.50000000    09
NewGalaxy 290
1 00291U 00000ABC 00001.00000000  .00000000  00000-0  00000+0 0    05
2 00291  53.0000 158.4000 0001000   0.0000 223.2000 15.50000000    01
NewGalaxy 291
1 00292U 00000ABC 00001.00000000  .00000000  00000-0  00000+0 0    06
2 00292  53.0000 158.4000 0001000   0.0000 237.6000 15.50000000    01
NewGalaxy 292
1 00293U 00000ABC 00001.00000000  .00000000  00000-0  00000+0 0    07
2 00293  53.0000 158.4000 0001000   0.0000 252.0000 15.50000000    03
NewGalaxy 293
1 00294U 00000ABC 00001.00000000  .00000000  00000-0  00000+0 0    08
2 00294  53.0000 158.4000 0001000   0.0000 266.4000 15.50000000    03
NewGalaxy 294
1 00295U 00000ABC 00001.00000000  .00000000  00000-0  00000+0 0    09
2 00295  53.0000 158.4000 0001000   0.0000 280.8000 15.50000000    04
NewGalaxy 295
1 00296U 00000ABC 00001.00000000  .00000000  00000-0  00000+0 0    00
2 00296  53.0000 158.4000 0001000   0.0000 295.2000 15.50000000    05
NewGalaxy 296
1 00297U 00000ABC 00001.00000000  .00000000  00000-0  00000+0 0    01
2 00297  53.0000 158.4000 0001000   0.0000 309.6000 15.50000000    06
NewGalaxy 297
1 00298U 00000ABC 00001.00000000  .00000000  00000-0  00000+0 0    02
2 00298  53.0000 158.4000 0001000   0.0000 324.0000 15.50000000    08
NewGalaxy 298
1 00299U 00000ABC 00001.00000000  .00000000  00000-0  00000+0 0    03
2 00299  53.0000 158.4000 0001000   0.0000 338.4000 15.50000000    08
NewGalaxy 299
1 00300U 00000ABC 00001.00000000  .00000000  00000-0  00000+0 0    06
2 00300  53.0000 158.4000 0001000   0.0000 352.8000 15.50000000    01
NewGalaxy 300
1 00301U 00000ABC 00001.00000000  .00000000  00000-0  00000+0 0    07
2 00301  53.0000 172.8000 0001000   0.0000   0.0000 15.50000000    04
NewGalaxy 301
1 00302U 00000ABC 00001.00000000  .00000000  00000-0  00000+0 0    08
2 00302  53.0000 172.8000 0001000   0.0000  14.4000 15.50000000    04
NewGalaxy 302
1 00303U 00000ABC 00001.00000000  .00000000  00000-0  00000+0 0    09
2 00303  53.0000 172.8000 0001000   0.0000  28.8000 15.50000000    04
NewGalaxy 303
1 00304U 00000ABC 00001.00000000  .00000000  00000-0  00000+0 0    00
2 00304  53.0000 172.8000 0001000   0.0000  43.2000 15.50000000    06
NewGalaxy 304
1 00305U 00000ABC 00001.00000000  .00000000  00000-0  00000+0 0    01
2 00305  53.0000 172.8000 0001000   0.0000  57.6000 15.50000000    06
NewGalaxy 305
1 00306U 00000ABC 00001.00000000  .00000000  00000-0  00000+0 0    02
2 00306  53.0000 172.8000 0001000   0.0000  72.0000 15.50000000    08
NewGalaxy 306
1 00307U 00000ABC 00001.00000000  .00000000  00000-0  00000+0 0    03
2 00307  53.0000 172.8000 0001000   0.0000  86.4000 15.50000000    08
NewGalaxy 307
1 00308U 00000ABC 00001.00000000  .00000000  00000-0  00000+0 0    04
2 00308  53.0000 172.8000 0001000   0.0000 100.8000 15.50000000    00
NewGalaxy 308
1 00309U 00000ABC 00001.00000000  .00000000  00000-0  00000+0 0    05
2 00309  53.0000 172.8000 0001000   0.0000 115.2000 15.50000000    01
NewGalaxy 309
1 00310U 00000ABC 00001.00000000  .00000000  00000-0  00000+0 0    07
2 00310  53.0000 172.8000 0001000   0.0000 129.6000 15.50000000    02
NewGalaxy 310
1 00311U 00000ABC 00001.00000000  .00000000  00000-0  00000+0 0    08
2 00311  53.0000 172.8000 0001000   0.0000 144.0000 15.50000000    04
NewGalaxy 311
1 00312U 00000ABC 00001.00000000  .00000000  00000-0  00000+0 0    09
2 00312  53.0000 172.8000 0001000   0.0000 158.4000 15.50000000    04
NewGalaxy 312
1 00313U 00000ABC 00001.00000000  .00000000  00000-0  00000+0 0    00
2 00313  53.0000 172.8000 0001000   0.0000 172.8000 15.50000000    05
NewGalaxy 313
1 00314U 00000ABC 00001.00000000  .00000000  00000-0  00000+0 0    01
2 00314  53.0000 172.8000 0001000   0.0000 187.2000 15.50000000    06
NewGalaxy 314
1 00315U 00000ABC 00001.00000000  .00000000  00000-0  00000+0 0    02
2 00315  53.0000 172.8000 0001000   0.0000 201.6000 15.50000000    08
NewGalaxy 315
1 00316U 00000ABC 00001.00000000  .00000000  00000-0  00000+0 0    03
2 00316  53.0000 172.8000 0001000   0.0000 216.0000 15.50000000    09
NewGalaxy 316
1 00317U 00000ABC 00001.00000000  .00000000  00000-0  00000+0 0    04
2 00317  53.0000 172.8000 0001000   0.0000 230.4000 15.50000000    00
NewGalaxy 317
1 00318U 00000ABC 00001.00000000  .00000000  00000-0  00000+0 0    05
2 00318  53.0000 172.8000 0001000   0.0000 244.8000 15.50000000    00
NewGalaxy 318
1 00319U 00000ABC 00001.00000000  .00000000  00000-0  00000+0 0    06
2 00319  53.0000 172.8000 0001000   0.0000 259.2000 15.50000000    01
NewGalaxy 319
1 00320U 00000ABC 00001.00000000  .00000000  00000-0  00000+0 0    08
2 00320  53.0000 172.8000 0001000   0.0000 273.6000 15.50000000    03
NewGalaxy 320
1 00321U 00000ABC 00001.00000000  .00000000  00000-0  00000+0 0    09
2 00321  53.0000 172.8000 0001000   0.0000 288.0000 15.50000000    04
NewGalaxy 321
1 00322U 00000ABC 00001.00000000  .00000000  00000-0  00000+0 0    00
2 00322  53.0000 172.8000 0001000   0.0000 302.4000 15.50000000    06
NewGalaxy 322
1 00323U 00000ABC 00001.00000000  .00000000  00000-0  00000+0 0    01
2 00323  53.0000 172.8000 0001000   0.0000 316.8000 15.50000000    06
NewGalaxy 323
1 00324U 00000ABC 00001.00000000  .00000000  00000-0  00000+0 0    02
2 00324  53.0000 172.8000 0001000   0.0000 331.2000 15.50000000    08
NewGalaxy 324
1 00325U 00000ABC 00001.00000000  .00000000  00000-0  00000+0 0    03
2 00325  53.0000 172.8000 0001000   0.0000 345.6000 15.50000000    08
NewGalaxy 325
1 00326U 00000ABC 00001.00000000  .00000000  00000-0  00000+0 0    04
2 00326  53.0000 187.2000 0001000   0.0000   7.2000 15.50000000    00
NewGalaxy 326
1 00327U 00000ABC 00001.00000000  .00000000  00000-0  00000+0 0    05
2 00327  53.0000 187.2000 0001000   0.0000  21.6000 15.50000000    01
NewGalaxy 327
1 00328U 00000ABC 00001.00000000  .00000000  00000-0  00000+0 0    06
2 00328  53.0000 187.2000 0001000   0.0000  36.0000 15.50000000    02
NewGalaxy 328
1 00329U 00000ABC 00001.00000000  .00000000  00000-0  00000+0 0    07
2 00329  53.0000 187.2000 0001000   0.0000  50.4000 15.50000000    03
NewGalaxy 329
1 00330U 00000ABC 00001.00000000  .00000000  00000-0  00000+0 0    09
2 00330  53.0000 187.2000 0001000   0.0000  64.8000 15.50000000    04
NewGalaxy 330
1 00331U 00000ABC 00001.00000000  .00000000  00000-0  00000+0 0    00
2 00331  53.0000 187.2000 0001000   0.0000  79.2000 15.50000000    05
NewGalaxy 331
1 00332U 00000ABC 00001.00000000  .00000000  00000-0  00000+0 0    01
2 00332  53.0000 187.2000 0001000   0.0000  93.6000 15.50000000    06
NewGalaxy 332
1 00333U 00000ABC 00001.00000000  .00000000  00000-0  00000+0 0    02
2 00333  53.0000 187.2000 0001000   0.0000 108.0000 15.50000000    08
NewGalaxy 333
1 00334U 00000ABC 00001.00000000  .00000000  00000-0  00000+0 0    03
2 00334  53.0000 187.2000 0001000   0.0000 122.4000 15.50000000    09
NewGalaxy 334
1 00335U 00000ABC 00001.00000000  .00000000  00000-0  00000+0 0    04
2 00335  53.0000 187.2000 0001000   0.0000 136.8000 15.50000000    09
NewGalaxy 335
1 00336U 00000ABC 00001.00000000  .00000000  00000-0  00000+0 0    05
2 00336  53.0000 187.2000 0001000   0.0000 151.2000 15.50000000    01
NewGalaxy 336
1 00337U 00000ABC 00001.00000000  .00000000  00000-0  00000+0 0    06
2 00337  53.0000 187.2000 0001000   0.0000 165.6000 15.50000000    01
NewGalaxy 337
1 00338U 00000ABC 00001.00000000  .00000000  00000-0  00000+0 0    07
2 00338  53.0000 187.2000 0001000   0.0000 180.0000 15.50000000    03
NewGalaxy 338
1 00339U 00000ABC 00001.00000000  .00000000  00000-0  00000+0 0    08
2 00339  53.0000 187.2000 0001000   0.0000 194.4000 15.50000000    03
NewGalaxy 339
1 00340U 00000ABC 00001.00000000  .00000000  00000-0  00000+0 0    00
2 00340  53.0000 187.2000 0001000   0.0000 208.8000 15.50000000    05
NewGalaxy 340
1 00341U 00000ABC 00001.00000000  .00000000  00000-0  00000+0 0    01
2 00341  53.0000 187.2000 0001000   0.0000 223.2000 15.50000000    07
NewGalaxy 341
1 00342U 00000ABC 00001.00000000  .00000000  00000-0  00000+0 0    02
2 00342  53.0000 187.2000 0001000   0.0000 237.6000 15.50000000    07
NewGalaxy 342
1 00343U 00000ABC 00001.00000000  .00000000  00000-0  00000+0 0    03
2 00343  53.0000 187.2000 0001000   0.0000 252.0000 15.50000000    09
NewGalaxy 343
1 00344U 00000ABC 00001.00000000  .00000000  00000-0  00000+0 0    04
2 00344  53.0000 187.2000 0001000   0.0000 266.4000 15.50000000    09
NewGalaxy 344
1 00345U 00000ABC 00001.00000000  .00000000  00000-0  00000+0 0    05
2 00345  53.0000 187.2000 0001000   0.0000 280.8000 15.50000000    00
NewGalaxy 345
1 00346U 00000ABC 00001.00000000  .00000000  00000-0  00000+0 0    06
2 00346  53.0000 187.2000 0001000   0.0000 295.2000 15.50000000    01
NewGalaxy 346
1 00347U 00000ABC 00001.00000000  .00000000  00000-0  00000+0 0    07
2 00347  53.0000 187.2000 0001000   0.0000 309.6000 15.50000000    02
NewGalaxy 347
1 00348U 00000ABC 00001.00000000  .00000000  00000-0  00000+0 0    08
2 00348  53.0000 187.2000 0001000   0.0000 324.0000 15.50000000    04
NewGalaxy 348
1 00349U 00000ABC 00001.00000000  .00000000  00000-0  00000+0 0    09
2 00349  53.0000 187.2000 0001000   0.0000 338.4000 15.50000000    04
NewGalaxy 349
1 00350U 00000ABC 00001.00000000  .00000000  00000-0  00000+0 0    01
2 00350  53.0000 187.2000 0001000   0.0000 352.8000 15.50000000    06
NewGalaxy 350
1 00351U 00000ABC 00001.00000000  .00000000  00000-0  00000+0 0    02
2 00351  53.0000 201.6000 0001000   0.0000   0.0000 15.50000000    00
NewGalaxy 351
1 00352U 00000ABC 00001.00000000  .00000000  00000-0  00000+0 0    03
2 00352  53.0000 201.6000 0001000   0.0000  14.4000 15.50000000    00
NewGalaxy 352
1 00353U 00000ABC 00001.00000000  .00000000  00000-0  00000+0 0    04
2 00353  53.0000 201.6000 0001000   0.0000  28.8000 15.50000000    00
NewGalaxy 353
1 00354U 00000ABC 00001.00000000  .00000000  00000-0  00000+0 0    05
2 00354  53.0000 201.6000 0001000   0.0000  43.2000 15.50000000    02
NewGalaxy 354
1 00355U 00000ABC 00001.00000000  .00000000  00000-0  00000+0 0    06
2 00355  53.0000 201.6000 0001000   0.0000  57.6000 15.50000000    02
NewGalaxy 355
1 00356U 00000ABC 00001.00000000  .00000000  00000-0  00000+0 0    07
2 00356  53.0000 201.6000 0001000   0.0000  72.0000 15.50000000    04
NewGalaxy 356
1 00357U 00000ABC 00001.00000000  .00000000  00000-0  00000+0 0    08
2 00357  53.0000 201.6000 0001000   0.0000  86.4000 15.50000000    04
NewGalaxy 357
1 00358U 00000ABC 00001.00000000  .00000000  00000-0  00000+0 0    09
2 00358  53.0000 201.6000 0001000   0.0000 100.8000 15.50000000    06
NewGalaxy 358
1 00359U 00000ABC 00001.00000000  .00000000  00000-0  00000+0 0    00
2 00359  53.0000 201.6000 0001000   0.0000 115.2000 15.50000000    07
NewGalaxy 359
1 00360U 00000ABC 00001.00000000  .00000000  00000-0  00000+0 0    02
2 00360  53.0000 201.6000 0001000   0.0000 129.6000 15.50000000    08
NewGalaxy 360
1 00361U 00000ABC 00001.00000000  .00000000  00000-0  00000+0 0    03
2 00361  53.0000 201.6000 0001000   0.0000 144.0000 15.50000000    00
NewGalaxy 361
1 00362U 00000ABC 00001.00000000  .00000000  00000-0  00000+0 0    04
2 00362  53.0000 201.6000 0001000   0.0000 158.4000 15.50000000    00
NewGalaxy 362
1 00363U 00000ABC 00001.00000000  .00000000  00000-0  00000+0 0    05
2 00363  53.0000 201.6000 0001000   0.0000 172.8000 15.50000000    01
NewGalaxy 363
1 00364U 00000ABC 00001.00000000  .00000000  00000-0  00000+0 0    06
2 00364  53.0000 201.6000 0001000   0.0000 187.2000 15.50000000    02
NewGalaxy 364
1 00365U 00000ABC 00001.00000000  .00000000  00000-0  00000+0 0    07
2 00365  53.0000 201.6000 0001000   0.0000 201.6000 15.50000000    04
NewGalaxy 365
1 00366U 00000ABC 00001.00000000  .00000000  00000-0  00000+0 0    08
2 00366  53.0000 201.6000 0001000   0.0000 216.0000 15.50000000    05
NewGalaxy 366
1 00367U 00000ABC 00001.00000000  .00000000  00000-0  00000+0 0    09
2 00367  53.0000 201.6000 0001000   0.0000 230.4000 15.50000000    06
NewGalaxy 367
1 00368U 00000ABC 00001.00000000  .00000000  00000-0  00000+0 0    00
2 00368  53.0000 201.6000 0001000   0.0000 244.8000 15.50000000    06
NewGalaxy 368
1 00369U 00000ABC 00001.00000000  .00000000  00000-0  00000+0 0    01
2 00369  53.0000 201.6000 0001000   0.0000 259.2000 15.50000000    07
NewGalaxy 369
1 00370U 00000ABC 00001.00000000  .00000000  00000-0  00000+0 0    03
2 00370  53.0000 201.6000 0001000   0.0000 273.6000 15.50000000    09
NewGalaxy 370
1 00371U 00000ABC 00001.00000000  .00000000  00000-0  00000+0 0    04
2 00371  53.0000 201.6000 0001000   0.0000 288.0000 15.50000000    00
NewGalaxy 371
1 00372U 00000ABC 00001.00000000  .00000000  00000-0  00000+0 0    05
2 00372  53.0000 201.6000 0001000   0.0000 302.4000 15.50000000    02
NewGalaxy 372
1 00373U 00000ABC 00001.00000000  .00000000  00000-0  00000+0 0    06
2 00373  53.0000 201.6000 0001000   0.0000 316.8000 15.50000000    02
NewGalaxy 373
1 00374U 00000ABC 00001.00000000  .00000000  00000-0  00000+0 0    07
2 00374  53.0000 201.6000 0001000   0.0000 331.2000 15.50000000    04
NewGalaxy 374
1 00375U 00000ABC 00001.00000000  .00000000  00000-0  00000+0 0    08
2 00375  53.0000 201.6000 0001000   0.0000 345.6000 15.50000000    04
NewGalaxy 375
1 00376U 00000ABC 00001.00000000  .00000000  00000-0  00000+0 0    09
2 00376  53.0000 216.0000 0001000   0.0000   7.2000 15.50000000    06
NewGalaxy 376
1 00377U 00000ABC 00001.00000000  .00000000  00000-0  00000+0 0    00
2 00377  53.0000 216.0000 0001000   0.0000  21.6000 15.50000000    07
NewGalaxy 377
1 00378U 00000ABC 00001.00000000  .00000000  00000-0  00000+0 0    01
2 00378  53.0000 216.0000 0001000   0.0000  36.0000 15.50000000    08
NewGalaxy 378
1 00379U 00000ABC 00001.00000000  .00000000  00000-0  00000+0 0    02
2 00379  53.0000 216.0000 0001000   0.0000  50.4000 15.50000000    09
NewGalaxy 379
1 00380U 00000ABC 00001.00000000  .00000000  00000-0  00000+0 0    04
2 00380  53.0000 216.0000 0001000   0.0000  64.8000 15.50000000    00
NewGalaxy 380
1 00381U 00000ABC 00001.00000000  .00000000  00000-0  00000+0 0    05
2 00381  53.0000 216.0000 0001000   0.0000  79.2000 15.50000000    01
NewGalaxy 381
1 00382U 00000ABC 00001.00000000  .00000000  00000-0  00000+0 0    06
2 00382  53.0000 216.0000 0001000   0.0000  93.6000 15.50000000    02
NewGalaxy 382
1 00383U 00000ABC 00001.00000000  .00000000  00000-0  00000+0 0    07
2 00383  53.0000 216.0000 0001000   0.0000 108.0000 15.50000000    04
NewGalaxy 383
1 00384U 00000ABC 00001.00000000  .00000000  00000-0  00000+0 0    08
2 00384  53.0000 216.0000 0001000   0.0000 122.4000 15.50000000    05
NewGalaxy 384
1 00385U 00000ABC 00001.00000000  .00000000  00000-0  00000+0 0    09
2 00385  53.0000 216.0000 0001000   0.0000 136.8000 15.50000000    05
NewGalaxy 385
1 00386U 00000ABC 00001.00000000  .00000000  00000-0  00000+0 0    00
2 00386  53.0000 216.0000 0001000   0.0000 151.2000 15.50000000    07
NewGalaxy 386
1 00387U 00000ABC 00001.00000000  .00000000  00000-0  00000+0 0    01
2 00387  53.0000 216.0000 0001000   0.0000 165.6000 15.50000000    07
NewGalaxy 387
1 00388U 00000ABC 00001.00000000  .00000000  00000-0  00000+0 0    02
2 00388  53.0000 216.0000 0001000   0.0000 180.0000 15.50000000    09
NewGalaxy 388
1 00389U 00000ABC 00001.00000000  .00000000  00000-0  00000+0 0    03
2 00389  53.0000 216.0000 0001000   0.0000 194.4000 15.50000000    09
NewGalaxy 389
1 00390U 00000ABC 00001.00000000  .00000000  00000-0  00000+0 0    05
2 00390  53.0000 216.0000 0001000   0.0000 208.8000 15.50000000    01
NewGalaxy 390
1 00391U 00000ABC 00001.00000000  .00000000  00000-0  00000+0 0    06
2 00391  53.0000 216.0000 0001000   0.0000 223.2000 15.50000000    03
NewGalaxy 391
1 00392U 00000ABC 00001.00000000  .00000000  00000-0  00000+0 0    07
2 00392  53.0000 216.0000 0001000   0.0000 237.6000 15.50000000    03
NewGalaxy 392
1 00393U 00000ABC 00001.00000000  .00000000  00000-0  00000+0 0    08
2 00393  53.0000 216.0000 0001000   0.0000 252.0000 15.50000000    05
NewGalaxy 393
1 00394U 00000ABC 00001.00000000  .00000000  00000-0  00000+0 0    09
2 00394  53.0000 216.0000 0001000   0.0000 266.4000 15.50000000    05
NewGalaxy 394
1 00395U 00000ABC 00001.00000000  .00000000  00000-0  00000+0 0    00
2 00395  53.0000 216.0000 0001000   0.0000 280.8000 15.50000000    06
NewGalaxy 395
1 00396U 00000ABC 00001.00000000  .00000000  00000-0  00000+0 0    01
2 00396  53.0000 216.0000 0001000   0.0000 295.2000 15.50000000    07
NewGalaxy 396
1 00397U 00000ABC 00001.00000000  .00000000  00000-0  00000+0 0    02
2 00397  53.0000 216.0000 0001000   0.0000 309.6000 15.50000000    08
NewGalaxy 397
1 00398U 00000ABC 00001.00000000  .00000000  00000-0  00000+0 0    03
2 00398  53.0000 216.0000 0001000   0.0000 324.0000 15.50000000    00
NewGalaxy 398
1 00399U 00000ABC 00001.00000000  .00000000  00000-0  00000+0 0    04
2 00399  53.0000 216.0000 0001000   0.0000 338.4000 15.50000000    00
NewGalaxy 399
1 00400U 00000ABC 00001.00000000  .00000000  00000-0  00000+0 0    07
2 00400  53.0000 216.0000 0001000   0.0000 352.8000 15.50000000    03
NewGalaxy 400
1 00401U 00000ABC 00001.00000000  .00000000  00000-0  00000+0 0    08
2 00401  53.0000 230.4000 0001000   0.0000   0.0000 15.50000000    06
NewGalaxy 401
1 00402U 00000ABC 00001.00000000  .00000000  00000-0  00000+0 0    09
2 00402  53.0000 230.4000 0001000   0.0000  14.4000 15.50000000    06
NewGalaxy 402
1 00403U 00000ABC 00001.00000000  .00000000  00000-0  00000+0 0    00
2 00403  53.0000 230.4000 0001000   0.0000  28.8000 15.50000000    06
NewGalaxy 403
1 00404U 00000ABC 00001.00000000  .00000000  00000-0  00000+0 0    01
2 00404  53.0000 230.4000 0001000   0.0000  43.2000 15.50000000    08
NewGalaxy 404
1 00405U 00000ABC 00001.00000000  .00000000  00000-0  00000+0 0    02
2 00405  53.0000 230.4000 0001000   0.0000  57.6000 15.50000000    08
NewGalaxy 405
1 00406U 00000ABC 00001.00000000  .00000000  00000-0  00000+0 0    03
2 00406  53.0000 230.4000 0001000   0.0000  72.0000 15.50000000    00
NewGalaxy 406
1 00407U 00000ABC 00001.00000000  .00000000  00000-0  00000+0 0    04
2 00407  53.0000 230.4000 0001000   0.0000  86.4000 15.50000000    00
NewGalaxy 407
1 00408U 00000ABC 00001.00000000  .00000000  00000-0  00000+0 0    05
2 00408  53.0000 230.4000 0001000   0.0000 100.8000 15.50000000    02
NewGalaxy 408
1 00409U 00000ABC 00001.00000000  .00000000  00000-0  00000+0 0    06
2 00409  53.0000 230.4000 0001000   0.0000 115.2000 15.50000000    03
NewGalaxy 409
1 00410U 00000ABC 00001.00000000  .00000000  00000-0  00000+0 0    08
2 00410  53.0000 230.4000 0001000   0.0000 129.6000 15.50000000    04
NewGalaxy 410
1 00411U 00000ABC 00001.00000000  .00000000  00000-0  00000+0 0    09
2 00411  53.0000 230.4000 0001000   0.0000 144.0000 15.50000000    06
NewGalaxy 411
1 00412U 00000ABC 00001.00000000  .00000000  00000-0  00000+0 0    00
2 00412  53.0000 230.4000 0001000   0.0000 158.4000 15.50000000    06
NewGalaxy 412
1 00413U 00000ABC 00001.00000000  .00000000  00000-0  00000+0 0    01
2 00413  53.0000 230.4000 0001000   0.0000 172.8000 15.50000000    07
NewGalaxy 413
1 00414U 00000ABC 00001.00000000  .00000000  00000-0  00000+0 0    02
2 00414  53.0000 230.4000 0001000   0.0000 187.2000 15.50000000    08
NewGalaxy 414
1 00415U 00000ABC 00001.00000000  .00000000  00000-0  00000+0 0    03
2 00415  53.0000 230.4000 0001000   0.0000 201.6000 15.50000000    00
NewGalaxy 415
1 00416U 00000ABC 00001.00000000  .00000000  00000-0  00000+0 0    04
2 00416  53.0000 230.4000 0001000   0.0000 216.0000 15.50000000    01
NewGalaxy 416
1 00417U 00000ABC 00001.00000000  .00000000  00000-0  00000+0 0    05
2 00417  53.0000 230.4000 0001000   0.0000 230.4000 15.50000000    02
NewGalaxy 417
1 00418U 00000ABC 00001.00000000  .00000000  00000-0  00000+0 0    06
2 00418  53.0000 230.4000 0001000   0.0000 244.8000 15.50000000    02
NewGalaxy 418
1 00419U 00000ABC 00001.00000000  .00000000  00000-0  00000+0 0    07
2 00419  53.0000 230.4000 0001000   0.0000 259.2000 15.50000000    03
NewGalaxy 419
1 00420U 00000ABC 00001.00000000  .00000000  00000-0  00000+0 0    09
2 00420  53.0000 230.4000 0001000   0.0000 273.6000 15.50000000    05
NewGalaxy 420
1 00421U 00000ABC 00001.00000000  .00000000  00000-0  00000+0 0    00
2 00421  53.0000 230.4000 0001000   0.0000 288.0000 15.50000000    06
NewGalaxy 421
1 00422U 00000ABC 00001.00000000  .00000000  00000-0  00000+0 0    01
2 00422  53.0000 230.4000 0001000   0.0000 302.4000 15.50000000    08
NewGalaxy 422
1 00423U 00000ABC 00001.00000000  .00000000  00000-0  00000+0 0    02
2 00423  53.0000 230.4000 0001000   0.0000 316.8000 15.50000000    08
NewGalaxy 423
1 00424U 00000ABC 00001.00000000  .00000000  00000-0  00000+0 0    03
2 00424  53.0000 230.4000 0001000   0.0000 331.2000 15.50000000    00
NewGalaxy 424
1 00425U 00000ABC 00001.00000000  .00000000  00000-0  00000+0 0    04
2 00425  53.0000 230.4000 0001000   0.0000 345.6000 15.50000000    00
NewGalaxy 425
1 00426U 00000ABC 00001.00000000  .00000000  00000-0  00000+0 0    05
2 00426  53.0000 244.8000 0001000   0.0000   7.2000 15.50000000    01
NewGalaxy 426
1 00427U 00000ABC 00001.00000000  .00000000  00000-0  00000+0 0    06
2 00427  53.0000 244.8000 0001000   0.0000  21.6000 15.50000000    02
NewGalaxy 427
1 00428U 00000ABC 00001.00000000  .00000000  00000-0  00000+0 0    07
2 00428  53.0000 244.8000 0001000   0.0000  36.0000 15.50000000    03
NewGalaxy 428
1 00429U 00000ABC 00001.00000000  .00000000  00000-0  00000+0 0    08
2 00429  53.0000 244.8000 0001000   0.0000  50.4000 15.50000000    04
NewGalaxy 429
1 00430U 00000ABC 00001.00000000  .00000000  00000-0  00000+0 0    00
2 00430  53.0000 244.8000 0001000   0.0000  64.8000 15.50000000    05
NewGalaxy 430
1 00431U 00000ABC 00001.00000000  .00000000  00000-0  00000+0 0    01
2 00431  53.0000 244.8000 0001000   0.0000  79.2000 15.50000000    06
NewGalaxy 431
1 00432U 00000ABC 00001.00000000  .00000000  00000-0  00000+0 0    02
2 00432  53.0000 244.8000 0001000   0.0000  93.6000 15.50000000    07
NewGalaxy 432
1 00433U 00000ABC 00001.00000000  .00000000  00000-0  00000+0 0    03
2 00433  53.0000 244.8000 0001000   0.0000 108.0000 15.50000000    09
NewGalaxy 433
1 00434U 00000ABC 00001.00000000  .00000000  00000-0  00000+0 0    04
2 00434  53.0000 244.8000 0001000   0.0000 122.4000 15.50000000    00
NewGalaxy 434
1 00435U 00000ABC 00001.00000000  .00000000  00000-0  00000+0 0    05
2 00435  53.0000 244.8000 0001000   0.0000 136.8000 15.50000000    00
NewGalaxy 435
1 00436U 00000ABC 00001.00000000  .00000000  00000-0  00000+0 0    06
2 00436  53.0000 244.8000 0001000   0.0000 151.2000 15.50000000    02
NewGalaxy 436
1 00437U 00000ABC 00001.00000000  .00000000  00000-0  00000+0 0    07
2 00437  53.0000 244.8000 0001000   0.0000 165.6000 15.50000000    02
NewGalaxy 437
1 00438U 00000ABC 00001.00000000  .00000000  00000-0  00000+0 0    08
2 00438  53.0000 244.8000 0001000   0.0000 180.0000 15.50000000    04
NewGalaxy 438
1 00439U 00000ABC 00001.00000000  .00000000  00000-0  00000+0 0    09
2 00439  53.0000 244.8000 0001000   0.0000 194.4000 15.50000000    04
NewGalaxy 439
1 00440U 00000ABC 00001.00000000  .00000000  00000-0  00000+0 0    01
2 00440  53.0000 244.8000 0001000   0.0000 208.8000 15.50000000    06
NewGalaxy 440
1 00441U 00000ABC 00001.00000000  .00000000  00000-0  00000+0 0    02
2 00441  53.0000 244.8000 0001000   0.0000 223.2000 15.50000000    08
NewGalaxy 441
1 00442U 00000ABC 00001.00000000  .00000000  00000-0  00000+0 0    03
2 00442  53.0000 244.8000 0001000   0.0000 237.6000 15.50000000    08
NewGalaxy 442
1 00443U 00000ABC 00001.00000000  .00000000  00000-0  00000+0 0    04
2 00443  53.0000 244.8000 0001000   0.0000 252.0000 15.50000000    00
NewGalaxy 443
1 00444U 00000ABC 00001.00000000  .00000000  00000-0  00000+0 0    05
2 00444  53.0000 244.8000 0001000   0.0000 266.4000 15.50000000    00
NewGalaxy 444
1 00445U 00000ABC 00001.00000000  .00000000  00000-0  00000+0 0    06
2 00445  53.0000 244.8000 0001000   0.0000 280.8000 15.50000000    01
NewGalaxy 445
1 00446U 00000ABC 00001.00000000  .00000000  00000-0  00000+0 0    07
2 00446  53.0000 244.8000 0001000   0.0000 295.2000 15.50000000    02
NewGalaxy 446
1 00447U 00000ABC 00001.00000000  .00000000  00000-0  00000+0 0    08
2 00447  53.0000 244.8000 0001000   0.0000 309.6000 15.50000000    03
NewGalaxy 447
1 00448U 00000ABC 00001.00000000  .00000000  00000-0  00000+0 0    09
2 00448  53.0000 244.8000 0001000   0.0000 324.0000 15.50000000    05
NewGalaxy 448
1 00449U 00000ABC 00001.00000000  .00000000  00000-0  00000+0 0    00
2 00449  53.0000 244.8000 0001000   0.0000 338.4000 15.50000000    05
NewGalaxy 449
1 00450U 00000ABC 00001.00000000  .00000000  00000-0  00000+0 0    02
2 00450  53.0000 244.8000 0001000   0.0000 352.8000 15.50000000    07
NewGalaxy 450
1 00451U 00000ABC 00001.00000000  .00000000  00000-0  00000+0 0    03
2 00451  53.0000 259.2000 0001000   0.0000   0.0000 15.50000000    00
NewGalaxy 451
1 00452U 00000ABC 00001.00000000  .00000000  00000-0  00000+0 0    04
2 00452  53.0000 259.2000 0001000   0.0000  14.4000 15.50000000    00
NewGalaxy 452
1 00453U 00000ABC 00001.00000000  .00000000  00000-0  00000+0 0    05
2 00453  53.0000 259.2000 0001000   0.0000  28.8000 15.50000000    00
NewGalaxy 453
1 00454U 00000ABC 00001.00000000  .00000000  00000-0  00000+0 0    06
2 00454  53.0000 259.2000 0001000   0.0000  43.2000 15.50000000    02
NewGalaxy 454
1 00455U 00000ABC 00001.00000000  .00000000  00000-0  00000+0 0    07
2 00455  53.0000 259.2000 0001000   0.0000  57.6000 15.50000000    02
NewGalaxy 455
1 00456U 00000ABC 00001.00000000  .00000000  00000-0  00000+0 0    08
2 00456  53.0000 259.2000 0001000   0.0000  72.0000 15.50000000    04
NewGalaxy 456
1 00457U 00000ABC 00001.00000000  .00000000  00000-0  00000+0 0    09
2 00457  53.0000 259.2000 0001000   0.0000  86.4000 15.50000000    04
NewGalaxy 457
1 00458U 00000ABC 00001.00000000  .00000000  00000-0  00000+0 0    00
2 00458  53.0000 259.2000 0001000   0.0000 100.8000 15.50000000    06
NewGalaxy 458
1 00459U 00000ABC 00001.00000000  .00000000  00000-0  00000+0 0    01
2 00459  53.0000 259.2000 0001000   0.0000 115.2000 15.50000000    07
NewGalaxy 459
1 00460U 00000ABC 00001.00000000  .00000000  00000-0  00000+0 0    03
2 00460  53.0000 259.2000 0001000   0.0000 129.6000 15.50000000    08
NewGalaxy 460
1 00461U 00000ABC 00001.00000000  .00000000  00000-0  00000+0 0    04
2 00461  53.0000 259.2000 0001000   0.0000 144.0000 15.50000000    00
NewGalaxy 461
1 00462U 00000ABC 00001.00000000  .00000000  00000-0  00000+0 0    05
2 00462  53.0000 259.2000 0001000   0.0000 158.4000 15.50000000    00
NewGalaxy 462
1 00463U 00000ABC 00001.00000000  .00000000  00000-0  00000+0 0    06
2 00463  53.0000 259.2000 0001000   0.0000 172.8000 15.50000000    01
NewGalaxy 463
1 00464U 00000ABC 00001.00000000  .00000000  00000-0  00000+0 0    07
2 00464  53.0000 259.2000 0001000   0.0000 187.2000 15.50000000    02
NewGalaxy 464
1 00465U 00000ABC 00001.00000000  .00000000  00000-0  00000+0 0    08
2 00465  53.0000 259.2000 0001000   0.0000 201.6000 15.50000000    04
NewGalaxy 465
1 00466U 00000ABC 00001.00000000  .00000000  00000-0  00000+0 0    09
2 00466  53.0000 259.2000 0001000   0.0000 216.0000 15.50000000    05
NewGalaxy 466
1 00467U 00000ABC 00001.00000000  .00000000  00000-0  00000+0 0    00
2 00467  53.0000 259.2000 0001000   0.0000 230.4000 15.50000000    06
NewGalaxy 467
1 00468U 00000ABC 00001.00000000  .00000000  00000-0  00000+0 0    01
2 00468  53.0000 259.2000 0001000   0.0000 244.8000 15.50000000    06
NewGalaxy 468
1 00469U 00000ABC 00001.00000000  .00000000  00000-0  00000+0 0    02
2 00469  53.0000 259.2000 0001000   0.0000 259.2000 15.50000000    07
NewGalaxy 469
1 00470U 00000ABC 00001.00000000  .00000000  00000-0  00000+0 0    04
2 00470  53.0000 259.2000 0001000   0.0000 273.6000 15.50000000    09
NewGalaxy 470
1 00471U 00000ABC 00001.00000000  .00000000  00000-0  00000+0 0    05
2 00471  53.0000 259.2000 0001000   0.0000 288.0000 15.50000000    00
NewGalaxy 471
1 00472U 00000ABC 00001.00000000  .00000000  00000-0  00000+0 0    06
2 00472  53.0000 259.2000 0001000   0.0000 302.4000 15.50000000    02
NewGalaxy 472
1 00473U 00000ABC 00001.00000000  .00000000  00000-0  00000+0 0    07
2 00473  53.0000 259.2000 0001000   0.0000 316.8000 15.50000000    02
NewGalaxy 473
1 00474U 00000ABC 00001.00000000  .00000000  00000-0  00000+0 0    08
2 00474  53.0000 259.2000 0001000   0.0000 331.2000 15.50000000    04
NewGalaxy 474
1 00475U 00000ABC 00001.00000000  .00000000  00000-0  00000+0 0    09
2 00475  53.0000 259.2000 0001000   0.0000 345.6000 15.50000000    04
NewGalaxy 475
1 00476U 00000ABC 00001.00000000  .00000000  00000-0  00000+0 0    00
2 00476  53.0000 273.6000 0001000   0.0000   7.2000 15.50000000    06
NewGalaxy 476
1 00477U 00000ABC 00001.00000000  .00000000  00000-0  00000+0 0    01
2 00477  53.0000 273.6000 0001000   0.0000  21.6000 15.50000000    07
NewGalaxy 477
1 00478U 00000ABC 00001.00000000  .00000000  00000-0  00000+0 0    02
2 00478  53.0000 273.6000 0001000   0.0000  36.0000 15.50000000    08
NewGalaxy 478
1 00479U 00000ABC 00001.00000000  .00000000  00000-0  00000+0 0    03
2 00479  53.0000 273.6000 0001000   0.0000  50.4000 15.50000000    09
NewGalaxy 479
1 00480U 00000ABC 00001.00000000  .00000000  00000-0  00000+0 0    05
2 00480  53.0000 273.6000 0001000   0.0000  64.8000 15.50000000    00
NewGalaxy 480
1 00481U 00000ABC 00001.00000000  .00000000  00000-0  00000+0 0    06
2 00481  53.0000 273.6000 0001000   0.0000  79.2000 15.50000000    01
NewGalaxy 481
1 00482U 00000ABC 00001.00000000  .00000000  00000-0  00000+0 0    07
2 00482  53.0000 273.6000 0001000   0.0000  93.6000 15.50000000    02
NewGalaxy 482
1 00483U 00000ABC 00001.00000000  .00000000  00000-0  00000+0 0    08
2 00483  53.0000 273.6000 0001000   0.0000 108.0000 15.50000000    04
NewGalaxy 483
1 00484U 00000ABC 00001.00000000  .00000000  00000-0  00000+0 0    09
2 00484  53.0000 273.6000 0001000   0.0000 122.4000 15.50000000    05
NewGalaxy 484
1 00485U 00000ABC 00001.00000000  .00000000  00000-0  00000+0 0    00
2 00485  53.0000 273.6000 0001000   0.0000 136.8000 15.50000000    05
NewGalaxy 485
1 00486U 00000ABC 00001.00000000  .00000000  00000-0  00000+0 0    01
2 00486  53.0000 273.6000 0001000   0.0000 151.2000 15.50000000    07
NewGalaxy 486
1 00487U 00000ABC 00001.00000000  .00000000  00000-0  00000+0 0    02
2 00487  53.0000 273.6000 0001000   0.0000 165.6000 15.50000000    07
NewGalaxy 487
1 00488U 00000ABC 00001.00000000  .00000000  00000-0  00000+0 0    03
2 00488  53.0000 273.6000 0001000   0.0000 180.0000 15.50000000    09
NewGalaxy 488
1 00489U 00000ABC 00001.00000000  .00000000  00000-0  00000+0 0    04
2 00489  53.0000 273.6000 0001000   0.0000 194.4000 15.50000000    09
NewGalaxy 489
1 00490U 00000ABC 00001.00000000  .00000000  00000-0  00000+0 0    06
2 00490  53.0000 273.6000 0001000   0.0000 208.8000 15.50000000    01
NewGalaxy 490
1 00491U 00000ABC 00001.00000000  .00000000  00000-0  00000+0 0    07
2 00491  53.0000 273.6000 0001000   0.0000 223.2000 15.50000000    03
NewGalaxy 491
1 00492U 00000ABC 00001.00000000  .00000000  00000-0  00000+0 0    08
2 00492  53.0000 273.6000 0001000   0.0000 237.6000 15.50000000    03
NewGalaxy 492
1 00493U 00000ABC 00001.00000000  .00000000  00000-0  00000+0 0    09
2 00493  53.0000 273.6000 0001000   0.0000 252.0000 15.50000000    05
NewGalaxy 493
1 00494U 00000ABC 00001.00000000  .00000000  00000-0  00000+0 0    00
2 00494  53.0000 273.6000 0001000   0.0000 266.4000 15.50000000    05
NewGalaxy 494
1 00495U 00000ABC 00001.00000000  .00000000  00000-0  00000+0 0    01
2 00495  53.0000 273.6000 0001000   0.0000 280.8000 15.50000000    06
NewGalaxy 495
1 00496U 00000ABC 00001.00000000  .00000000  00000-0  00000+0 0    02
2 00496  53.0000 273.6000 0001000   0.0000 295.2000 15.50000000    07
NewGalaxy 496
1 00497U 00000ABC 00001.00000000  .00000000  00000-0  00000+0 0    03
2 00497  53.0000 273.6000 0001000   0.0000 309.6000 15.50000000    08
NewGalaxy 497
1 00498U 00000ABC 00001.00000000  .00000000  00000-0  00000+0 0    04
2 00498  53.0000 273.6000 0001000   0.0000 324.0000 15.50000000    00
NewGalaxy 498
1 00499U 00000ABC 00001.00000000  .00000000  00000-0  00000+0 0    05
2 00499  53.0000 273.6000 0001000   0.0000 338.4000 15.50000000    00
NewGalaxy 499
1 00500U 00000ABC 00001.00000000  .00000000  00000-0  00000+0 0    08
2 00500  53.0000 273.6000 0001000   0.0000 352.8000 15.50000000    03
NewGalaxy 500
1 00501U 00000ABC 00001.00000000  .00000000  00000-0  00000+0 0    09
2 00501  53.0000 288.0000 0001000   0.0000   0.0000 15.50000000    06
NewGalaxy 501
1 00502U 00000ABC 00001.00000000  .00000000  00000-0  00000+0 0    00
2 00502  53.0000 288.0000 0001000   0.0000  14.4000 15.50000000    06
NewGalaxy 502
1 00503U 00000ABC 00001.00000000  .00000000  00000-0  00000+0 0    01
2 00503  53.0000 288.0000 0001000   0.0000  28.8000 15.50000000    06
NewGalaxy 503
1 00504U 00000ABC 00001.00000000  .00000000  00000-0  00000+0 0    02
2 00504  53.0000 288.0000 0001000   0.0000  43.2000 15.50000000    08
NewGalaxy 504
1 00505U 00000ABC 00001.00000000  .00000000  00000-0  00000+0 0    03
2 00505  53.0000 288.0000 0001000   0.0000  57.6000 15.50000000    08
NewGalaxy 505
1 00506U 00000ABC 00001.00000000  .00000000  00000-0  00000+0 0    04
2 00506  53.0000 288.0000 0001000   0.0000  72.0000 15.50000000    00
NewGalaxy 506
1 00507U 00000ABC 00001.00000000  .00000000  00000-0  00000+0 0    05
2 00507  53.0000 288.0000 0001000   0.0000  86.4000 15.50000000    00
NewGalaxy 507
1 00508U 00000ABC 00001.00000000  .00000000  00000-0  00000+0 0    06
2 00508  53.0000 288.0000 0001000   0.0000 100.8000 15.50000000    02
NewGalaxy 508
1 00509U 00000ABC 00001.00000000  .00000000  00000-0  00000+0 0    07
2 00509  53.0000 288.0000 0001000   0.0000 115.2000 15.50000000    03
NewGalaxy 509
1 00510U 00000ABC 00001.00000000  .00000000  00000-0  00000+0 0    09
2 00510  53.0000 288.0000 0001000   0.0000 129.6000 15.50000000    04
NewGalaxy 510
1 00511U 00000ABC 00001.00000000  .00000000  00000-0  00000+0 0    00
2 00511  53.0000 288.0000 0001000   0.0000 144.0000 15.50000000    06
NewGalaxy 511
1 00512U 00000ABC 00001.00000000  .00000000  00000-0  00000+0 0    01
2 00512  53.0000 288.0000 0001000   0.0000 158.4000 15.50000000    06
NewGalaxy 512
1 00513U 00000ABC 00001.00000000  .00000000  00000-0  00000+0 0    02
2 00513  53.0000 288.0000 0001000   0.0000 172.8000 15.50000000    07
NewGalaxy 513
1 00514U 00000ABC 00001.00000000  .00000000  00000-0  00000+0 0    03
2 00514  53.0000 288.0000 0001000   0.0000 187.2000 15.50000000    08
NewGalaxy 514
1 00515U 00000ABC 00001.00000000  .00000000  00000-0  00000+0 0    04
2 00515  53.0000 288.0000 0001000   0.0000 201.6000 15.50000000    00
NewGalaxy 515
1 00516U 00000ABC 00001.00000000  .00000000  00000-0  00000+0 0    05
2 00516  53.0000 288.0000 0001000   0.0000 216.0000 15.50000000    01
NewGalaxy 516
1 00517U 00000ABC 00001.00000000  .00000000  00000-0  00000+0 0    06
2 00517  53.0000 288.0000 0001000   0.0000 230.4000 15.50000000    02
NewGalaxy 517
1 00518U 00000ABC 00001.00000000  .00000000  00000-0  00000+0 0    07
2 00518  53.0000 288.0000 0001000   0.0000 244.8000 15.50000000    02
NewGalaxy 518
1 00519U 00000ABC 00001.00000000  .00000000  00000-0  00000+0 0    08
2 00519  53.0000 288.0000 0001000   0.0000 259.2000 15.50000000    03
NewGalaxy 519
1 00520U 00000ABC 00001.00000000  .00000000  00000-0  00000+0 0    00
2 00520  53.0000 288.0000 0001000   0.0000 273.6000 15.50000000    05
NewGalaxy 520
1 00521U 00000ABC 00001.00000000  .00000000  00000-0  00000+0 0    01
2 00521  53.0000 288.0000 0001000   0.0000 288.0000 15.50000000    06
NewGalaxy 521
1 00522U 00000ABC 00001.00000000  .00000000  00000-0  00000+0 0    02
2 00522  53.0000 288.0000 0001000   0.0000 302.4000 15.50000000    08
NewGalaxy 522
1 00523U 00000ABC 00001.00000000  .00000000  00000-0  00000+0 0    03
2 00523  53.0000 288.0000 0001000   0.0000 316.8000 15.50000000    08
NewGalaxy 523
1 00524U 00000ABC 00001.00000000  .00000000  00000-0  00000+0 0    04
2 00524  53.0000 288.0000 0001000   0.0000 331.2000 15.50000000    00
NewGalaxy 524
1 00525U 00000ABC 00001.00000000  .00000000  00000-0  00000+0 0    05
2 00525  53.0000 288.0000 0001000   0.0000 345.6000 15.50000000    00
NewGalaxy 525
1 00526U 00000ABC 00001.00000000  .00000000  00000-0  00000+0 0    06
2 00526  53.0000 302.4000 0001000   0.0000   7.2000 15.50000000    03
NewGalaxy 526
1 00527U 00000ABC 00001.00000000  .00000000  00000-0  00000+0 0    07
2 00527  53.0000 302.4000 0001000   0.0000  21.6000 15.50000000    04
NewGalaxy 527
1 00528U 00000ABC 00001.00000000  .00000000  00000-0  00000+0 0    08
2 00528  53.0000 302.4000 0001000   0.0000  36.0000 15.50000000    05
NewGalaxy 528
1 00529U 00000ABC 00001.00000000  .00000000  00000-0  00000+0 0    09
2 00529  53.0000 302.4000 0001000   0.0000  50.4000 15.50000000    06
NewGalaxy 529
1 00530U 00000ABC 00001.00000000  .00000000  00000-0  00000+0 0    01
2 00530  53.0000 302.4000 0001000   0.0000  64.8000 15.50000000    07
NewGalaxy 530
1 00531U 00000ABC 00001.00000000  .00000000  00000-0  00000+0 0    02
2 00531  53.0000 302.4000 0001000   0.0000  79.2000 15.50000000    08
NewGalaxy 531
1 00532U 00000ABC 00001.00000000  .00000000  00000-0  00000+0 0    03
2 00532  53.0000 302.4000 0001000   0.0000  93.6000 15.50000000    09
NewGalaxy 532
1 00533U 00000ABC 00001.00000000  .00000000  00000-0  00000+0 0    04
2 00533  53.0000 302.4000 0001000   0.0000 108.0000 15.50000000    01
NewGalaxy 533
1 00534U 00000ABC 00001.00000000  .00000000  00000-0  00000+0 0    05
2 00534  53.0000 302.4000 0001000   0.0000 122.4000 15.50000000    02
NewGalaxy 534
1 00535U 00000ABC 00001.00000000  .00000000  00000-0  00000+0 0    06
2 00535  53.0000 302.4000 0001000   0.0000 136.8000 15.50000000    02
NewGalaxy 535
1 00536U 00000ABC 00001.00000000  .00000000  00000-0  00000+0 0    07
2 00536  53.0000 302.4000 0001000   0.0000 151.2000 15.50000000    04
NewGalaxy 536
1 00537U 00000ABC 00001.00000000  .00000000  00000-0  00000+0 0    08
2 00537  53.0000 302.4000 0001000   0.0000 165.6000 15.50000000    04
NewGalaxy 537
1 00538U 00000ABC 00001.00000000  .00000000  00000-0  00000+0 0    09
2 00538  53.0000 302.4000 0001000   0.0000 180.0000 15.50000000    06
NewGalaxy 538
1 00539U 00000ABC 00001.00000000  .00000000  00000-0  00000+0 0    00
2 00539  53.0000 302.4000 0001000   0.0000 194.4000 15.50000000    06
NewGalaxy 539
1 00540U 00000ABC 00001.00000000  .00000000  00000-0  00000+0 0    02
2 00540  53.0000 302.4000 0001000   0.0000 208.8000 15.50000000    08
NewGalaxy 540
1 00541U 00000ABC 00001.00000000  .00000000  00000-0  00000+0 0    03
2 00541  53.0000 302.4000 0001000   0.0000 223.2000 15.50000000    00
NewGalaxy 541
1 00542U 00000ABC 00001.00000000  .00000000  00000-0  00000+0 0    04
2 00542  53.0000 302.4000 0001000   0.0000 237.6000 15.50000000    00
NewGalaxy 542
1 00543U 00000ABC 00001.00000000  .00000000  00000-0  00000+0 0    05
2 00543  53.0000 302.4000 0001000   0.0000 252.0000 15.50000000    02
NewGalaxy 543
1 00544U 00000ABC 00001.00000000  .00000000  00000-0  00000+0 0    06
2 00544  53.0000 302.4000 0001000   0.0000 266.4000 15.50000000    02
NewGalaxy 544
1 00545U 00000ABC 00001.00000000  .00000000  00000-0  00000+0 0    07
2 00545  53.0000 302.4000 0001000   0.0000 280.8000 15.50000000    03
NewGalaxy 545
1 00546U 00000ABC 00001.00000000  .00000000  00000-0  00000+0 0    08
2 00546  53.0000 302.4000 0001000   0.0000 295.2000 15.50000000    04
NewGalaxy 546
1 00547U 00000ABC 00001.00000000  .00000000  00000-0  00000+0 0    09
2 00547  53.0000 302.4000 0001000   0.0000 309.6000 15.50000000    05
NewGalaxy 547
1 00548U 00000ABC 00001.00000000  .00000000  00000-0  00000+0 0    00
2 00548  53.0000 302.4000 0001000   0.0000 324.0000 15.50000000    07
NewGalaxy 548
1 00549U 00000ABC 00001.00000000  .00000000  00000-0  00000+0 0    01
2 00549  53.0000 302.4000 0001000   0.0000 338.4000 15.50000000    07
NewGalaxy 549
1 00550U 00000ABC 00001.00000000  .00000000  00000-0  00000+0 0    03
2 00550  53.0000 302.4000 0001000   0.0000 352.8000 15.50000000    09
NewGalaxy 550
1 00551U 00000ABC 00001.00000000  .00000000  00000-0  00000+0 0    04
2 00551  53.0000 316.8000 0001000   0.0000   0.0000 15.50000000    01
NewGalaxy 551
1 00552U 00000ABC 00001.00000000  .00000000  00000-0  00000+0 0    05
2 00552  53.0000 316.8000 0001000   0.0000  14.4000 15.50000000    01
NewGalaxy 552
1 00553U 00000ABC 00001.00000000  .00000000  00000-0  00000+0 0    06
2 00553  53.0000 316.8000 0001000   0.0000  28.8000 15.50000000    01
NewGalaxy 553
1 00554U 00000ABC 00001.00000000  .00000000  00000-0  00000+0 0    07
2 00554  53.0000 316.8000 0001000   0.0000  43.2000 15.50000000    03
NewGalaxy 554
1 00555U 00000ABC 00001.00000000  .00000000  00000-0  00000+0 0    08
2 00555  53.0000 316.8000 0001000   0.0000  57.6000 15.50000000    03
NewGalaxy 555
1 00556U 00000ABC 00001.00000000  .00000000  00000-0  00000+0 0    09
2 00556  53.0000 316.8000 0001000   0.0000  72.0000 15.50000000    05
NewGalaxy 556
1 00557U 00000ABC 00001.00000000  .00000000  00000-0  00000+0 0    00
2 00557  53.0000 316.8000 0001000   0.0000  86.4000 15.50000000    05
NewGalaxy 557
1 00558U 00000ABC 00001.00000000  .00000000  00000-0  00000+0 0    01
2 00558  53.0000 316.8000 0001000   0.0000 100.8000 15.50000000    07
NewGalaxy 558
1 00559U 00000ABC 00001.00000000  .00000000  00000-0  00000+0 0    02
2 00559  53.0000 316.8000 0001000   0.0000 115.2000 15.50000000    08
NewGalaxy 559
1 00560U 00000ABC 00001.00000000  .00000000  00000-0  00000+0 0    04
2 00560  53.0000 316.8000 0001000   0.0000 129.6000 15.50000000    09
NewGalaxy 560
1 00561U 00000ABC 00001.00000000  .00000000  00000-0  00000+0 0    05
2 00561  53.0000 316.8000 0001000   0.0000 144.0000 15.50000000    01
NewGalaxy 561
1 00562U 00000ABC 00001.00000000  .00000000  00000-0  00000+0 0    06
2 00562  53.0000 316.8000 0001000   0.0000 158.4000 15.50000000    01
NewGalaxy 562
1 00563U 00000ABC 00001.00000000  .00000000  00000-0  00000+0 0    07
2 00563  53.0000 316.8000 0001000   0.0000 172.8000 15.50000000    02
NewGalaxy 563
1 00564U 00000ABC 00001.00000000  .00000000  00000-0  00000+0 0    08
2 00564  53.0000 316.8000 0001000   0.0000 187.2000 15.50000000    03
NewGalaxy 564
1 00565U 00000ABC 00001.00000000  .00000000  00000-0  00000+0 0    09
2 00565  53.0000 316.8000 0001000   0.0000 201.6000 15.50000000    05
NewGalaxy 565
1 00566U 00000ABC 00001.00000000  .00000000  00000-0  00000+0 0    00
2 00566  53.0000 316.8000 0001000   0.0000 216.0000 15.50000000    06
NewGalaxy 566
1 00567U 00000ABC 00001.00000000  .00000000  00000-0  00000+0 0    01
2 00567  53.0000 316.8000 0001000   0.0000 230.4000 15.50000000    07
NewGalaxy 567
1 00568U 00000ABC 00001.00000000  .00000000  00000-0  00000+0 0    02
2 00568  53.0000 316.8000 0001000   0.0000 244.8000 15.50000000    07
NewGalaxy 568
1 00569U 00000ABC 00001.00000000  .00000000  00000-0  00000+0 0    03
2 00569  53.0000 316.8000 0001000   0.0000 259.2000 15.50000000    08
NewGalaxy 569
1 00570U 00000ABC 00001.00000000  .00000000  00000-0  00000+0 0    05
2 00570  53.0000 316.8000 0001000   0.0000 273.6000 15.50000000    00
NewGalaxy 570
1 00571U 00000ABC 00001.00000000  .00000000  00000-0  00000+0 0    06
2 00571  53.0000 316.8000 0001000   0.0000 288.0000 15.50000000    01
NewGalaxy 571
1 00572U 00000ABC 00001.00000000  .00000000  00000-0  00000+0 0    07
2 00572  53.0000 316.8000 0001000   0.0000 302.4000 15.50000000    03
NewGalaxy 572
1 00573U 00000ABC 00001.00000000  .00000000  00000-0  00000+0 0    08
2 00573  53.0000 316.8000 0001000   0.0000 316.8000 15.50000000    03
NewGalaxy 573
1 00574U 00000ABC 00001.00000000  .00000000  00000-0  00000+0 0    09
2 00574  53.0000 316.8000 0001000   0.0000 331.2000 15.50000000    05
NewGalaxy 574
1 00575U 00000ABC 00001.00000000  .00000000  00000-0  00000+0 0    00
2 00575  53.0000 316.8000 0001000   0.0000 345.6000 15.50000000    05
NewGalaxy 575
1 00576U 00000ABC 00001.00000000  .00000000  00000-0  00000+0 0    01
2 00576  53.0000 331.2000 0001000   0.0000   7.2000 15.50000000    08
NewGalaxy 576
1 00577U 00000ABC 00001.00000000  .00000000  00000-0  00000+0 0    02
2 00577  53.0000 331.2000 0001000   0.0000  21.6000 15.50000000    09
NewGalaxy 577
1 00578U 00000ABC 00001.00000000  .00000000  00000-0  00000+0 0    03
2 00578  53.0000 331.2000 0001000   0.0000  36.0000 15.50000000    00
NewGalaxy 578
1 00579U 00000ABC 00001.00000000  .00000000  00000-0  00000+0 0    04
2 00579  53.0000 331.2000 0001000   0.0000  50.4000 15.50000000    01
NewGalaxy 579
1 00580U 00000ABC 00001.00000000  .00000000  00000-0  00000+0 0    06
2 00580  53.0000 331.2000 0001000   0.0000  64.8000 15.50000000    02
NewGalaxy 580
1 00581U 00000ABC 00001.00000000  .00000000  00000-0  00000+0 0    07
2 00581  53.0000 331.2000 0001000   0.0000  79.2000 15.50000000    03
NewGalaxy 581
1 00582U 00000ABC 00001.00000000  .00000000  00000-0  00000+0 0    08
2 00582  53.0000 331.2000 0001000   0.0000  93.6000 15.50000000    04
NewGalaxy 582
1 00583U 00000ABC 00001.00000000  .00000000  00000-0  00000+0 0    09
2 00583  53.0000 331.2000 0001000   0.0000 108.0000 15.50000000    06
NewGalaxy 583
1 00584U 00000ABC 00001.00000000  .00000000  00000-0  00000+0 0    00
2 00584  53.0000 331.2000 0001000   0.0000 122.4000 15.50000000    07
NewGalaxy 584
1 00585U 00000ABC 00001.00000000  .00000000  00000-0  00000+0 0    01
2 00585  53.0000 331.2000 0001000   0.0000 136.8000 15.50000000    07
NewGalaxy 585
1 00586U 00000ABC 00001.00000000  .00000000  00000-0  00000+0 0    02
2 00586  53.0000 331.2000 0001000   0.0000 151.2000 15.50000000    09
NewGalaxy 586
1 00587U 00000ABC 00001.00000000  .00000000  00000-0  00000+0 0    03
2 00587  53.0000 331.2000 0001000   0.0000 165.6000 15.50000000    09
NewGalaxy 587
1 00588U 00000ABC 00001.00000000  .00000000  00000-0  00000+0 0    04
2 00588  53.0000 331.2000 0001000   0.0000 180.0000 15.50000000    01
NewGalaxy 588
1 00589U 00000ABC 00001.00000000  .00000000  00000-0  00000+0 0    05
2 00589  53.0000 331.2000 0001000   0.0000 194.4000 15.50000000    01
NewGalaxy 589
1 00590U 00000ABC 00001.00000000  .00000000  00000-0  00000+0 0    07
2 00590  53.0000 331.2000 0001000   0.0000 208.8000 15.50000000    03
NewGalaxy 590
1 00591U 00000ABC 00001.00000000  .00000000  00000-0  00000+0 0    08
2 00591  53.0000 331.2000 0001000   0.0000 223.2000 15.50000000    05
NewGalaxy 591
1 00592U 00000ABC 00001.00000000  .00000000  00000-0  00000+0 0    09
2 00592  53.0000 331.2000 0001000   0.0000 237.6000 15.50000000    05
NewGalaxy 592
1 00593U 00000ABC 00001.00000000  .00000000  00000-0  00000+0 0    00
2 00593  53.0000 331.2000 0001000   0.0000 252.0000 15.50000000    07
NewGalaxy 593
1 00594U 00000ABC 00001.00000000  .00000000  00000-0  00000+0 0    01
2 00594  53.0000 331.2000 0001000   0.0000 266.4000 15.50000000    07
NewGalaxy 594
1 00595U 00000ABC 00001.00000000  .00000000  00000-0  00000+0 0    02
2 00595  53.0000 331.2000 0001000   0.0000 280.8000 15.50000000    08
NewGalaxy 595
1 00596U 00000ABC 00001.00000000  .00000000  00000-0  00000+0 0    03
2 00596  53.0000 331.2000 0001000   0.0000 295.2000 15.50000000    09
NewGalaxy 596
1 00597U 00000ABC 00001.00000000  .00000000  00000-0  00000+0 0    04
2 00597  53.0000 331.2000 0001000   0.0000 309.6000 15.50000000    00
NewGalaxy 597
1 00598U 00000ABC 00001.00000000  .00000000  00000-0  00000+0 0    05
2 00598  53.0000 331.2000 0001000   0.0000 324.0000 15.50000000    02
NewGalaxy 598
1 00599U 00000ABC 00001.00000000  .00000000  00000-0  00000+0 0    06
2 00599  53.0000 331.2000 0001000   0.0000 338.4000 15.50000000    02
NewGalaxy 599
1 00600U 00000ABC 00001.00000000  .00000000  00000-0  00000+0 0    09
2 00600  53.0000 331.2000 0001000   0.0000 352.8000 15.50000000    05
NewGalaxy 600
1 00601U 00000ABC 00001.00000000  .00000000  00000-0  00000+0 0    00
2 00601  53.0000 345.6000 0001000   0.0000   0.0000 15.50000000    07
NewGalaxy 601
1 00602U 00000ABC 00001.00000000  .00000000  00000-0  00000+0 0    01
2 00602  53.0000 345.6000 0001000   0.0000  14.4000 15.50000000    07
NewGalaxy 602
1 00603U 00000ABC 00001.00000000  .00000000  00000-0  00000+0 0    02
2 00603  53.0000 345.6000 0001000   0.0000  28.8000 15.50000000    07
NewGalaxy 603
1 00604U 00000ABC 00001.00000000  .00000000  00000-0  00000+0 0    03
2 00604  53.0000 345.6000 0001000   0.0000  43.2000 15.50000000    09
NewGalaxy 604
1 00605U 00000ABC 00001.00000000  .00000000  00000-0  00000+0 0    04
2 00605  53.0000 345.6000 0001000   0.0000  57.6000 15.50000000    09
NewGalaxy 605
1 00606U 00000ABC 00001.00000000  .00000000  00000-0  00000+0 0    05
2 00606  53.0000 345.6000 0001000   0.0000  72.0000 15.50000000    01
NewGalaxy 606
1 00607U 00000ABC 00001.00000000  .00000000  00000-0  00000+0 0    06
2 00607  53.0000 345.6000 0001000   0.0000  86.4000 15.50000000    01
NewGalaxy 607
1 00608U 00000ABC 00001.00000000  .00000000  00000-0  00000+0 0    07
2 00608  53.0000 345.6000 0001000   0.0000 100.8000 15.50000000    03
NewGalaxy 608
1 00609U 00000ABC 00001.00000000  .00000000  00000-0  00000+0 0    08
2 00609  53.0000 345.6000 0001000   0.0000 115.2000 15.50000000    04
NewGalaxy 609
1 00610U 00000ABC 00001.00000000  .00000000  00000-0  00000+0 0    00
2 00610  53.0000 345.6000 0001000   0.0000 129.6000 15.50000000    05
NewGalaxy 610
1 00611U 00000ABC 00001.00000000  .00000000  00000-0  00000+0 0    01
2 00611  53.0000 345.6000 0001000   0.0000 144.0000 15.50000000    07
NewGalaxy 611
1 00612U 00000ABC 00001.00000000  .00000000  00000-0  00000+0 0    02
2 00612  53.0000 345.6000 0001000   0.0000 158.4000 15.50000000    07
NewGalaxy 612
1 00613U 00000ABC 00001.00000000  .00000000  00000-0  00000+0 0    03
2 00613  53.0000 345.6000 0001000   0.0000 172.8000 15.50000000    08
NewGalaxy 613
1 00614U 00000ABC 00001.00000000  .00000000  00000-0  00000+0 0    04
2 00614  53.0000 345.6000 0001000   0.0000 187.2000 15.50000000    09
NewGalaxy 614
1 00615U 00000ABC 00001.00000000  .00000000  00000-0  00000+0 0    05
2 00615  53.0000 345.6000 0001000   0.0000 201.6000 15.50000000    01
NewGalaxy 615
1 00616U 00000ABC 00001.00000000  .00000000  00000-0  00000+0 0    06
2 00616  53.0000 345.6000 0001000   0.0000 216.0000 15.50000000    02
NewGalaxy 616
1 00617U 00000ABC 00001.00000000  .00000000  00000-0  00000+0 0    07
2 00617  53.0000 345.6000 0001000   0.0000 230.4000 15.50000000    03
NewGalaxy 617
1 00618U 00000ABC 00001.00000000  .00000000  00000-0  00000+0 0    08
2 00618  53.0000 345.6000 0001000   0.0000 244.8000 15.50000000    03
NewGalaxy 618
1 00619U 00000ABC 00001.00000000  .00000000  00000-0  00000+0 0    09
2 00619  53.0000 345.6000 0001000   0.0000 259.2000 15.50000000    04
NewGalaxy 619
1 00620U 00000ABC 00001.00000000  .00000000  00000-0  00000+0 0    01
2 00620  53.0000 345.6000 0001000   0.0000 273.6000 15.50000000    06
NewGalaxy 620
1 00621U 00000ABC 00001.00000000  .00000000  00000-0  00000+0 0    02
2 00621  53.0000 345.6000 0001000   0.0000 288.0000 15.50000000    07
NewGalaxy 621
1 00622U 00000ABC 00001.00000000  .00000000  00000-0  00000+0 0    03
2 00622  53.0000 345.6000 0001000   0.0000 302.4000 15.50000000    09
NewGalaxy 622
1 00623U 00000ABC 00001.00000000  .00000000  00000-0  00000+0 0    04
2 00623  53.0000 345.6000 0001000   0.0000 316.8000 15.50000000    09
NewGalaxy 623
1 00624U 00000ABC 00001.00000000  .00000000  00000-0  00000+0 0    05
2 00624  53.0000 345.6000 0001000   0.0000 331.2000 15.50000000    01
NewGalaxy 624
1 00625U 00000ABC 00001.00000000  .00000000  00000-0  00000+0 0    06
2 00625  53.0000 345.6000 0001000   0.0000 345.6000 15.50000000    01
